1701505839.020719528 -0.00476591 0.0063371 0.00134042 -0.000123849 4.93699e-05 4.92524e-05 1
1701505840.029307604 -0.00165967 0.00537103 0.000430303 -5.97239e-05 4.23928e-05 9.74659e-05 1
1701505841.037882805 -0.00432144 0.00392352 0.00112336 -9.35467e-05 4.77667e-05 0.00034779 1
1701505842.046471119 0.00220186 0.0018736 0.00168749 -0.000113711 4.87379e-05 7.10907e-05 1
1701505843.055048466 -0.00472486 0.00263969 0.000388757 -7.9935e-05 4.26406e-05 6.14178e-05 1
1701505844.063621283 -0.000290385 0.00213601 0.00192103 -7.93304e-05 5.16184e-05 0.000128738 1
1701505845.072225571 -0.00100975 0.000536316 -0.000578712 -7.95496e-05 2.80312e-05 0.000234798 1
1701505846.080799103 0.00598077 -0.00312099 0.000395773 -7.81737e-05 2.62353e-05 0.000206089 1
1701505847.089384079 0.0676802 0.00409081 0.00037311 -9.33927e-05 -7.02796e-05 0.00110053 0.999999
1701505848.097967625 0.463277 0.0161465 -0.00352131 0.000121243 -0.000663049 -0.0752931 0.997161
1701505849.106570482 0.987356 -0.126703 -0.00966054 4.54899e-05 -0.00137518 -0.11436 0.993438
1701505850.115145683 1.73416 -0.283659 -0.0101133 -1.72922e-05 -0.00246457 -0.116024 0.993243
1701505851.123740196 2.51477 -0.439367 -0.00532823 -0.000313563 -0.00402167 -0.117528 0.993061
1701505852.132320404 3.32604 -0.624044 -0.0057039 -0.000302914 -0.00553508 -0.118254 0.992968
1701505853.140928984 4.07828 -0.800371 0.000369485 -0.000138944 -0.00615776 -0.116414 0.993182
1701505854.149533749 4.80242 -0.90558 0.00410994 -0.000672889 -0.00774319 -0.0941625 0.995526
1701505855.158094883 5.49101 -0.995658 0.0131172 -0.00106719 -0.00931474 -0.070836 0.997444
1701505856.166692972 6.30457 -1.09693 0.0431884 -0.00107386 -0.0100284 -0.0707592 0.997442
1701505857.175294399 7.11936 -1.19447 0.0660104 -0.00131198 -0.0116491 -0.0705961 0.997436
1701505858.183882236 7.87049 -1.27861 0.0729174 -0.00132503 -0.0132125 -0.0709963 0.997388
1701505859.192475080 8.80459 -1.38154 0.10928 -0.00139689 -0.0144652 -0.0712251 0.997354
1701505860.201068163 9.53324 -1.45963 0.12447 -0.00167468 -0.0165515 -0.0715037 0.997302
1701505861.209650040 10.342 -1.55409 0.137612 -0.00152784 -0.0178631 -0.0704567 0.997354
1701505862.218247414 11.0558 -1.61023 0.170128 -0.00277193 -0.0194635 -0.0154286 0.999688
1701505863.226850271 11.9516 -1.57688 0.190432 -0.00296129 -0.0210482 0.00120434 0.999773
1701505864.235421658 12.8692 -1.54977 0.23657 -0.00293432 -0.0221435 0.000291511 0.99975
1701505865.244030476 13.7975 -1.5136 0.27024 -0.00263421 -0.0238111 0.000136294 0.999713
1701505866.252624750 14.7456 -1.49767 0.291273 -0.00240736 -0.0256047 -0.000897672 0.999669
1701505867.261213303 15.681 -1.4654 0.313694 -0.00221854 -0.0263946 -0.00123661 0.999648
1701505868.269840717 16.5525 -1.44375 0.326617 -0.00172341 -0.0281663 -0.00231972 0.999599
1701505869.278396845 17.5572 -1.43693 0.348151 -0.0014796 -0.028044 -0.00276028 0.999602
1701505870.287013054 18.515 -1.39788 0.374003 -0.0017131 -0.0295535 -0.00324626 0.999556
1701505871.295596600 19.4783 -1.37827 0.401383 -0.00185102 -0.0299707 -0.0043094 0.99954
1701505872.304186344 20.4634 -1.36767 0.423161 -0.00109501 -0.0306277 -0.00609722 0.999512
1701505873.312789917 21.3996 -1.38475 0.45312 -0.00137508 -0.0310937 0.0106772 0.999458
1701505874.321385384 22.2399 -1.24509 0.489103 -0.00434728 -0.0314319 0.0901185 0.995425
1701505875.329977989 23.1754 -1.01792 0.547307 -0.00514763 -0.0313401 0.104858 0.99398
1701505876.338584423 24.1451 -0.784195 0.6045 -0.00534972 -0.0322357 0.104135 0.994026
1701505877.347186565 25.0985 -0.533648 0.634041 -0.00648606 -0.0305227 0.111141 0.993315
1701505878.355789661 25.986 -0.257706 0.656714 -0.00991856 -0.0287033 0.156617 0.987192
1701505879.364375114 26.7981 0.111723 0.703527 -0.0121116 -0.0295251 0.206612 0.977902
1701505880.372976780 27.6019 0.54707 0.77269 -0.0126904 -0.0300919 0.237016 0.970957
1701505881.381582260 28.4724 1.01196 0.79401 -0.0139542 -0.0293085 0.236778 0.971021
1701505882.390208721 29.3185 1.4961 0.829268 -0.0172155 -0.0286048 0.236296 0.971108
1701505883.398783207 30.1604 1.94748 0.888825 -0.0143242 -0.032044 0.23909 0.970363
1701505884.407373905 30.9434 2.3944 0.90241 -0.0149806 -0.0234389 0.297653 0.954269
1701505885.415975094 31.6425 3.02746 0.924472 -0.0119702 -0.0245166 0.329872 0.943631
1701505886.424591541 32.3608 3.65307 0.941842 -0.0141934 -0.0234107 0.349331 0.936599
1701505887.433198929 33.0133 4.34935 0.933626 -0.0326601 -0.0105515 0.390931 0.91978
1701505888.441798925 33.6382 5.06707 0.921544 -0.0321937 -0.0103678 0.406754 0.912912
1701505889.450402021 34.3013 5.82763 0.883467 -0.0417575 0.0038173 0.407083 0.912428
1701505890.458995104 34.3708 5.93522 0.888702 -0.0420157 0.00305163 0.40889 0.911611
1701505891.467596531 34.3659 5.93673 0.891111 -0.0416564 0.00344728 0.408581 0.911765
1701505892.476211071 34.4601 6.04185 0.885718 -0.0417346 0.00246586 0.407805 0.912111
1701505893.484806776 34.633 6.27475 0.869317 -0.0417147 0.00312045 0.448299 0.892904
1701505894.493402004 34.934 6.73912 0.835413 -0.0443831 0.00434579 0.450422 0.891701
1701505895.502082825 35.2872 7.23305 0.815756 -0.0432491 0.00681724 0.453468 0.890196
1701505896.510622025 35.6162 7.70015 0.761831 -0.0458942 0.0190146 0.453924 0.889655
1701505897.519211292 36.0283 8.27614 0.699673 -0.0399656 0.0200832 0.453039 0.890368
1701505898.527819872 36.4865 8.92782 0.632666 -0.0292265 0.025017 0.451699 0.891341
1701505899.536445141 37.0355 9.41141 0.595958 -0.023476 0.0232221 0.395055 0.918064
1701505900.545037746 37.5728 10.0361 0.531704 -0.01944 0.0130425 0.304752 0.952144
1701505901.553642988 38.3697 10.4791 0.490768 -0.0110008 0.0112891 0.266662 0.963661
1701505902.562242508 39.1303 10.8959 0.437642 -0.0146127 0.0122122 0.165441 0.986036
1701505903.570869923 39.9535 11.1153 0.437015 -0.00911236 -0.00670387 0.0792485 0.996791
1701505904.579461098 40.7851 11.2619 0.403397 -0.00339321 -0.0127273 0.0343042 0.999325
1701505905.588075638 41.6531 11.2849 0.408675 -0.00234026 -0.000650228 -0.0117948 0.999927
1701505906.596671343 42.5785 11.264 0.396606 -0.00187041 0.000344639 -0.0150934 0.999884
1701505907.605280876 43.4829 11.2258 0.385696 -0.000463494 0.00115897 -0.0672274 0.997737
1701505908.613883495 44.4059 11.1124 0.378125 -0.000899066 0.000107629 -0.0696727 0.997569
1701505909.622488737 45.3774 10.9995 0.375875 -0.00126538 -0.00211826 -0.0994601 0.995038
1701505910.631122112 46.3228 10.8148 0.365733 -0.001228 -0.00423577 -0.114373 0.993428
1701505911.639708519 47.2669 10.618 0.373692 -0.00144048 -0.00627985 -0.115803 0.993251
1701505912.648316383 48.2436 10.4072 0.35258 -0.00156866 -0.00575991 -0.114458 0.99341
1701505913.656934738 49.1733 10.2261 0.375917 -0.000874282 -0.00453404 -0.0968279 0.99529
1701505914.665552616 50.0949 10.1303 0.366493 0.00254588 -0.00420656 -0.0593841 0.998223
1701505915.674149036 51.0685 10.0022 0.390256 -0.00119593 -0.00109751 -0.0610091 0.998136
1701505916.682749510 52.0665 9.90289 0.381215 -0.00378278 -0.00244608 -0.0622962 0.998048
1701505917.691362619 53.0186 9.84768 0.350229 0.00130684 0.00136633 -0.0987996 0.995106
1701505918.699973345 53.9266 9.60888 0.341546 0.00357621 0.00933229 -0.128885 0.991609
1701505919.708580017 54.842 9.39528 0.310236 0.0146116 0.00705508 -0.100191 0.994836
1701505920.717211246 55.7981 9.30533 0.287434 0.00973355 0.00477412 -0.0652754 0.997808
1701505921.725806236 56.7851 9.18067 0.269992 0.00570939 0.00261038 -0.0653804 0.997841
1701505922.734420300 57.7693 9.09696 0.250466 0.0062236 0.00176224 -0.0664705 0.997767
1701505923.743042946 58.7269 8.96893 0.249135 0.0033857 0.00078371 -0.0768234 0.997039
1701505924.751650333 59.6902 8.85419 0.236873 0.00126006 -0.00025783 -0.0852175 0.996362
1701505925.760350227 60.6592 8.70427 0.230944 0.00337742 -0.00518624 -0.0865989 0.996224
1701505926.768862724 61.628 8.56642 0.244712 0.00329049 -0.00967341 -0.0882272 0.996048
1701505927.777487755 62.5664 8.42017 0.252186 6.70448e-05 -0.0116013 -0.117258 0.993034
1701505928.786095142 63.5127 8.20419 0.272352 -0.00452976 -0.013774 -0.120684 0.992585
1701505929.794694901 64.4684 8.00452 0.307133 -0.00878863 -0.0197124 -0.121289 0.992383
1701505930.803306580 65.4323 7.81647 0.339289 -0.0111697 -0.0157801 -0.112665 0.993445
1701505931.811943531 66.3991 7.63374 0.339523 -0.0112908 -0.00525337 -0.112749 0.993546
1701505932.820604563 67.3995 7.4159 0.354627 -0.0078868 -0.00613989 -0.114761 0.993343
1701505933.829148293 68.2726 7.27197 0.385707 -0.00482619 -0.0453996 -0.0854654 0.995295
1701505934.837765694 69.2395 7.1402 0.458609 -0.00442124 -0.0295332 -0.0869464 0.995765
1701505935.846373558 70.2027 6.98118 0.492099 -0.00575289 -0.0225764 -0.0940456 0.995295
1701505936.854990482 71.1781 6.83766 0.525968 -0.00528298 -0.0201407 -0.0950015 0.995259
1701505937.863614082 72.1495 6.67796 0.547923 -0.00409588 -0.017806 -0.0964679 0.995168
1701505938.872236729 73.0895 6.5041 0.575409 -0.00420102 -0.0184947 -0.112702 0.993448
1701505939.880838394 74.0406 6.30945 0.613764 -0.00391095 -0.0183543 -0.113026 0.993415
1701505940.889450312 75.0268 6.10956 0.64415 -0.0036133 -0.017108 -0.114591 0.993259
1701505941.898081779 75.9811 5.93173 0.660907 -0.00310912 -0.0195843 -0.116969 0.992938
1701505942.906679869 76.9428 5.73772 0.691613 -0.00223659 -0.0180704 -0.117741 0.992877
1701505943.915322304 77.9362 5.50068 0.723806 -0.00334274 -0.0177482 -0.11815 0.992832
1701505944.923911095 78.8946 5.31438 0.739208 -0.00250219 -0.0189683 -0.11918 0.992688
1701505945.932525158 79.8474 5.12744 0.771115 -0.00259802 -0.0166101 -0.106752 0.994144
1701505946.941146135 80.7801 4.95345 0.788519 -0.00254306 -0.0173815 -0.0988089 0.994951
1701505947.949773788 81.7299 4.80091 0.818994 -0.00209551 -0.0195046 -0.0998392 0.99481
1701505948.958373547 82.6943 4.62317 0.847947 -0.00159905 -0.0190222 -0.100599 0.994744
1701505949.966993809 83.6447 4.45032 0.871102 -0.000769537 -0.0198194 -0.103356 0.994447
1701505950.975615263 84.5979 4.26977 0.89965 3.31371e-06 -0.0223309 -0.107778 0.993924
1701505951.984226704 85.5739 4.07942 0.935546 0.00103 -0.0221964 -0.10974 0.993712
1701505952.992844105 86.5219 3.90316 0.972965 0.00131907 -0.0228933 -0.110341 0.993629
1701505954.001464367 87.5054 3.71826 1.00521 0.00189745 -0.0225682 -0.111908 0.99346
1701505955.010076761 88.468 3.52525 1.0291 0.00415639 -0.0222525 -0.113925 0.993231
1701505956.018712521 89.4243 3.34288 1.07451 0.0022009 -0.0239591 -0.0931158 0.995365
1701505957.027323484 90.4187 3.19003 1.10946 -0.00274091 -0.0157438 -0.0920683 0.995624
1701505958.035938978 91.3447 3.05934 1.13198 -0.0017879 -0.0289628 -0.0933691 0.995209
1701505959.044544458 92.2706 2.85418 1.18194 -0.00040704 -0.0313518 -0.124256 0.991755
1701505960.053191185 93.2253 2.64555 1.23122 -0.000552593 -0.025962 -0.127477 0.991501
1701505961.061790943 94.1831 2.42586 1.28821 -0.000913558 -0.0249197 -0.128053 0.991454
1701505962.070406914 95.0986 2.22916 1.31342 0.000625436 -0.0231526 -0.109489 0.993718
1701505963.079028130 96.1016 2.04842 1.34137 0.00316472 -0.0217158 -0.110086 0.99368
1701505964.087666035 97.0356 1.90016 1.37959 0.00379459 -0.0223308 -0.0884269 0.995825
1701505965.096269131 98.0348 1.75054 1.40808 0.00320202 -0.0216885 -0.0881738 0.995864
1701505966.104914665 98.9986 1.59655 1.44231 0.00243701 -0.0214154 -0.0863458 0.996032
1701505967.113557339 99.9324 1.50055 1.47786 -0.00166899 -0.0197168 -0.0673152 0.997536
1701505968.122120380 100.934 1.39969 1.49775 -0.000147989 -0.0213721 -0.0672965 0.997504
1701505969.130743980 101.916 1.29281 1.53946 -0.00419616 -0.0206432 -0.0673663 0.997506
1701505970.139365911 102.896 1.19058 1.58278 0.00157911 -0.0217832 -0.0684796 0.997413
1701505971.147981644 103.802 1.03354 1.59593 0.00548088 -0.0204698 -0.110165 0.993687
1701505972.156611204 104.75 0.85868 1.65416 -0.000936508 -0.023063 -0.118016 0.992743
1701505973.165224552 105.699 0.665915 1.65445 0.000996566 -0.0160688 -0.118757 0.992793
1701505974.173848391 106.674 0.449103 1.69623 0.00156068 -0.0152003 -0.120335 0.992616
1701505975.182487011 107.616 0.261192 1.71656 0.0022982 -0.0113269 -0.095316 0.99538
1701505976.191086292 108.586 0.110849 1.72608 0.00281446 -0.0111093 -0.0949694 0.995414
1701505977.199710608 109.557 -0.0525657 1.73925 0.00315412 -0.01106 -0.095639 0.99535
1701505978.208331108 110.531 -0.204045 1.76153 0.00271385 -0.00543323 -0.0973409 0.995233
1701505979.216958284 111.516 -0.382818 1.76121 0.00268478 -0.00358647 -0.0980709 0.995169
1701505980.225584030 112.523 -0.553346 1.76545 0.00276247 -0.000610018 -0.0981538 0.995167
1701505981.234197378 113.477 -0.719728 1.75201 0.00309279 -0.00210236 -0.099657 0.995015
1701505982.242812634 114.434 -0.851448 1.74479 0.00367661 -0.000592888 -0.0873472 0.996171
1701505983.251460075 115.366 -0.987234 1.73749 0.00305775 -0.00103437 -0.0744384 0.99722
1701505984.260058880 116.369 -1.10284 1.73273 0.00428065 -0.000136606 -0.075287 0.997153
1701505985.268687010 117.301 -1.23839 1.72522 0.0018969 0.00221761 -0.107846 0.994163
1701505986.277305603 118.231 -1.47752 1.72964 4.234e-05 0.0004276 -0.152359 0.988325
1701505987.285941124 119.184 -1.74886 1.70218 0.00355445 -0.00107674 -0.154917 0.987921
1701505988.294543743 120.126 -2.02152 1.70587 0.00231383 -0.00102371 -0.155866 0.987775
1701505989.303167343 121.069 -2.29878 1.6928 0.00343138 -0.00215655 -0.156322 0.987698
1701505990.311800003 122.015 -2.59862 1.69569 0.00123952 -0.00256499 -0.15825 0.987395
1701505991.320417166 122.929 -2.85346 1.6878 0.00289951 -0.00391972 -0.185136 0.982701
1701505992.329047203 123.838 -3.25021 1.67586 0.00990687 -0.00348149 -0.207692 0.978138
1701505993.337669849 124.769 -3.62323 1.68905 0.00140091 -0.00734672 -0.208725 0.977946
1701505994.346302748 125.664 -3.99487 1.69365 -0.000650908 -0.00676957 -0.208833 0.977928
1701505995.354928493 126.58 -4.35006 1.7156 -0.00207757 -0.0108714 -0.209464 0.977754
1701505996.363541603 127.399 -4.77143 1.70475 0.00207463 0.00264033 -0.265204 0.964186
1701505997.372159481 128.275 -5.2368 1.69853 0.00259824 0.00529567 -0.267645 0.963499
1701505998.380793571 129.116 -5.73473 1.67079 0.00503244 0.00829781 -0.269134 0.963054
1701505999.389412403 129.95 -6.22792 1.64985 0.00586428 0.00722244 -0.271034 0.962525
1701506000.398040295 130.792 -6.73191 1.6293 0.00878457 0.00204023 -0.272986 0.961976
1701506001.406665802 131.654 -7.19366 1.62094 0.00990089 -0.0057135 -0.274852 0.961419
1701506002.415304184 132.492 -7.69645 1.61777 0.00980403 -0.00427979 -0.275968 0.961107
1701506003.423912287 133.371 -8.21957 1.62188 0.0117485 -0.00535637 -0.277066 0.960764
1701506004.432544231 134.235 -8.74234 1.59914 0.0150931 -0.000582886 -0.278319 0.96037
1701506005.441161633 135.066 -9.25297 1.58508 0.016975 -0.00163603 -0.280127 0.959811
1701506006.449796438 135.923 -9.76708 1.56821 0.0190064 -0.00339306 -0.281933 0.95924
1701506007.458415985 136.758 -10.2753 1.55979 0.0194419 -0.000387614 -0.283697 0.958717
1701506008.467028618 137.611 -10.7821 1.54821 0.0204127 0.00333503 -0.287994 0.957409
1701506009.475654840 138.372 -11.2833 1.52864 0.0201989 0.00204122 -0.319495 0.94737
1701506010.484289646 139.175 -11.8722 1.5093 0.0173667 -0.00432578 -0.324584 0.945688
1701506011.492987633 139.959 -12.4488 1.50291 0.0152144 -0.0058231 -0.325935 0.945252
1701506012.501537800 140.755 -13.0294 1.51176 0.0105008 -0.0108196 -0.327074 0.944879
1701506013.510170698 141.533 -13.5962 1.51989 0.00925275 -0.0165004 -0.330128 0.943747
1701506014.518794537 142.178 -14.1769 1.55412 0.0114266 -0.0149531 -0.431609 0.901865
1701506015.527414322 142.663 -14.9843 1.5706 0.00570485 -0.0257 -0.485436 0.873876
1701506016.536040306 143.022 -15.7087 1.5717 0.0112745 -0.0175101 -0.586127 0.809952
1701506017.544668674 143.393 -16.5472 1.58666 0.00822526 -0.0133483 -0.573586 0.818995
1701506018.553292036 143.718 -17.0267 1.58686 0.00687503 -0.0171025 -0.397427 0.917449
1701506019.561926365 144.263 -17.6101 1.59298 0.0100581 -0.0177873 -0.462014 0.886637
1701506020.570545912 144.79 -18.1607 1.60188 0.0104834 -0.0204574 -0.330877 0.943394
1701506021.579176903 145.554 -18.6903 1.62629 0.00739886 -0.0196941 -0.303623 0.95256
1701506022.587795973 146.348 -19.2082 1.67041 0.00615581 -0.0151958 -0.301792 0.953233
1701506023.596432686 147.128 -19.7581 1.67891 0.0109297 -0.0157324 -0.335609 0.941806
1701506024.605080128 147.892 -20.3744 1.69193 0.0122604 -0.0150159 -0.339131 0.940539
1701506025.613679409 148.686 -20.9921 1.7144 0.0164184 -0.0150024 -0.34243 0.93928
1701506026.622309208 149.377 -21.6361 1.72058 0.016742 -0.0162992 -0.377434 0.925742
1701506027.630935907 150.111 -22.3341 1.72564 0.0193278 -0.0106561 -0.378949 0.925154
1701506028.639561653 150.844 -23.0123 1.72103 0.0215416 -0.00826827 -0.380188 0.924621
1701506029.648201227 151.534 -23.6668 1.71989 0.0176813 -0.00905154 -0.38142 0.924188
1701506030.656843185 152.253 -24.3363 1.69897 0.021691 -0.00175372 -0.382789 0.923579
1701506031.665443420 152.946 -25.0112 1.6831 0.0193406 -0.000879929 -0.392136 0.919703
1701506032.674068213 153.642 -25.7228 1.66693 0.0260177 0.0188877 -0.405349 0.913596
1701506033.682700634 154.321 -26.4172 1.59691 0.0191069 -0.0154146 -0.407739 0.912769
1701506034.691322088 155.01 -27.146 1.59472 0.0200883 0.00530513 -0.41608 0.909091
1701506035.699962139 155.662 -27.8527 1.55792 0.0230426 0.0122333 -0.417867 0.908134
1701506036.708587646 156.322 -28.5897 1.51667 0.0261388 0.00743044 -0.420094 0.907074
1701506037.717222214 156.978 -29.3139 1.47438 0.0255363 0.00134643 -0.421966 0.906251
1701506038.725860357 157.643 -30.0865 1.45736 0.0202536 -0.00116207 -0.422727 0.90603
1701506039.734478235 158.307 -30.7943 1.43948 0.0203783 -0.00563833 -0.404091 0.914475
1701506040.743096352 158.961 -31.478 1.42738 0.0180884 -0.00588424 -0.397924 0.917221
1701506041.751740932 159.656 -32.1851 1.4275 0.0173829 -0.00759324 -0.399568 0.916507
1701506042.760356426 160.345 -32.8758 1.41056 0.0153483 -0.00840416 -0.40056 0.916104
1701506043.768985987 161.026 -33.5824 1.41452 0.0153476 -0.0135424 -0.401203 0.915761
1701506044.777628422 161.721 -34.294 1.42087 0.0174288 -0.0148164 -0.401923 0.915388
1701506045.786245584 162.398 -34.9744 1.42109 0.0165313 -0.0135604 -0.395608 0.918171
1701506046.794872761 163.084 -35.6684 1.43306 0.0158758 -0.015976 -0.395896 0.918019
1701506047.803507328 163.78 -36.3352 1.43266 0.018607 -0.0105026 -0.415581 0.909305
1701506048.812129974 164.395 -37.0662 1.43267 0.0139553 -0.0113601 -0.422272 0.90629
1701506049.820775270 165.06 -37.8081 1.44301 0.0104573 -0.0111315 -0.422847 0.906073
1701506050.829389095 165.698 -38.4105 1.48048 0.0152411 -0.0165197 -0.352288 0.935622
1701506051.838032961 166.194 -39.011 1.47251 0.011099 -0.0109576 -0.471061 0.881963
1701506052.846658707 166.701 -39.7733 1.48174 0.00731553 -0.0124796 -0.49739 0.867407
1701506053.855282784 167.233 -40.6246 1.48179 0.000267605 -0.0161704 -0.49891 0.866503
1701506054.863908291 167.76 -41.3738 1.48514 0.00144988 -0.0129054 -0.468536 0.883349
1701506055.872540474 168.312 -42.1686 1.51858 0.00678536 -0.0132819 -0.461503 0.887013
1701506056.881188631 168.909 -42.9581 1.5286 0.0104069 -0.017012 -0.462496 0.886397
1701506057.889793396 169.451 -43.7198 1.54744 0.0171537 -0.021205 -0.4392 0.897975
1701506058.898427010 170.106 -44.3852 1.54109 0.0098948 -0.0193642 -0.467791 0.883571
1701506059.907061577 170.578 -45.1968 1.55914 0.0141143 -0.0159856 -0.491768 0.870465
1701506060.915686131 171.05 -46.0014 1.56574 0.0106476 -0.0151454 -0.532199 0.846417
1701506061.924321175 171.459 -46.9104 1.57739 0.010078 -0.0156665 -0.55291 0.833032
1701506062.932968140 171.862 -47.7928 1.59114 0.0118863 -0.0189215 -0.553638 0.832458
1701506063.941604137 172.262 -48.6926 1.60552 0.00943589 -0.0182341 -0.555366 0.831353
1701506064.950213909 172.673 -49.5852 1.59972 0.0112472 -0.0190081 -0.55569 0.831096
1701506065.958867073 173.06 -50.4807 1.61438 0.0127726 -0.0193657 -0.557614 0.829776
1701506066.967475891 173.458 -51.3673 1.62572 0.010877 -0.020769 -0.557833 0.829622
1701506067.976108074 173.845 -52.268 1.64497 0.00944582 -0.0218271 -0.558458 0.829192
1701506068.984742880 174.229 -53.1446 1.66753 0.0147095 -0.0185128 -0.574016 0.818503
1701506069.993372440 174.532 -54.0544 1.67253 0.0137743 -0.0251353 -0.588555 0.807949
1701506071.002000809 174.857 -54.9884 1.69684 0.0228704 -0.0153323 -0.589676 0.80717
1701506072.010626078 175.174 -55.887 1.70394 0.00696582 -0.0361692 -0.591656 0.805349
1701506073.019268274 175.501 -56.8324 1.72916 0.0142781 -0.0237739 -0.592734 0.80492
1701506074.027892113 175.832 -57.8056 1.72505 0.0221885 -0.0224086 -0.597693 0.801104
1701506075.036542892 176.125 -58.7348 1.73694 0.0211526 -0.0205841 -0.604417 0.796121
1701506076.045174837 176.415 -59.6686 1.72487 0.0280008 -0.0175175 -0.605718 0.794994
1701506077.053799152 176.7 -60.6047 1.72296 0.0297206 -0.02293 -0.60749 0.79344
1701506078.062414169 176.976 -61.5431 1.71495 0.026048 -0.0195644 -0.608433 0.792936
1701506079.071043491 177.204 -62.4527 1.70575 0.0298182 -0.0176587 -0.639736 0.767813
1701506080.079683304 177.388 -63.4082 1.68501 0.0325362 -0.01895 -0.650708 0.758394
1701506081.088314533 177.557 -64.3753 1.66564 0.0388389 -0.0195347 -0.652862 0.756228
1701506082.096944332 177.721 -65.334 1.62933 0.0366457 -0.0208954 -0.653933 0.755376
1701506083.105571508 177.877 -66.2438 1.59453 0.0396646 -0.0254287 -0.6171 0.785473
1701506084.114223480 178.201 -67.0874 1.60944 0.0356999 -0.0223281 -0.581614 0.812374
1701506085.122858047 178.57 -68.0246 1.61029 0.0357786 -0.0228027 -0.566159 0.823203
1701506086.131468773 178.969 -68.9517 1.59347 0.0361912 -0.0264935 -0.563079 0.825185
1701506087.140103102 179.343 -69.8456 1.58565 0.0389643 -0.0280732 -0.56428 0.824185
1701506088.148746967 179.62 -70.7192 1.57512 0.0399226 -0.0238664 -0.607036 0.793312
1701506089.157385111 179.92 -71.6264 1.58495 0.032043 -0.02201 -0.616904 0.786077
1701506090.166011333 180.184 -72.5671 1.57803 0.0322192 -0.0203996 -0.617672 0.78551
1701506091.174634933 180.434 -73.518 1.55744 0.0334204 -0.0159875 -0.618679 0.78477
1701506092.183285713 180.68 -74.4773 1.53845 0.0336977 -0.0137458 -0.61967 0.784018
1701506093.191917181 180.915 -75.4237 1.49558 0.0349638 -0.017117 -0.616542 0.786359
1701506094.200534821 181.159 -76.3428 1.45105 0.0408262 -0.0191941 -0.586393 0.80877
1701506095.209160805 181.554 -77.2109 1.46165 0.0405726 -0.02032 -0.582166 0.811803
1701506096.217808723 181.921 -78.1776 1.43972 0.043397 -0.0171071 -0.666091 0.74441
1701506097.226445198 181.906 -79.029 1.3986 0.0444527 -0.0171376 -0.68126 0.73049
1701506098.235073566 181.99 -80.0142 1.36118 0.0451825 -0.0192769 -0.682758 0.728992
1701506099.243715763 182.124 -80.892 1.32541 0.043062 -0.0229867 -0.655692 0.753449
1701506100.252342224 182.275 -81.8653 1.30745 0.0427896 -0.0245075 -0.656596 0.752629
1701506101.260964870 182.382 -82.7931 1.30434 0.0436309 -0.0222581 -0.692443 0.719808
1701506102.269606113 182.334 -83.634 1.25702 0.0446633 -0.0192071 -0.754723 0.65424
1701506103.278231144 182.224 -84.6018 1.19878 0.0437775 -0.0193211 -0.769049 0.637397
1701506104.286858559 182.049 -85.6 1.19955 0.0431191 -0.0182042 -0.769932 0.636407
1701506105.295512438 181.911 -86.5672 1.0508 0.0428762 -0.020711 -0.771756 0.634134
1701506106.304148674 181.735 -87.5475 1.08225 0.0388291 -0.018653 -0.772413 0.633658
1701506107.312776327 181.596 -88.5088 1.07382 0.0385616 -0.0175183 -0.797721 0.601538
1701506108.321391106 181.274 -89.3811 1.01166 0.0379436 -0.0165361 -0.814982 0.578007
1701506109.330024719 180.971 -90.3427 0.96433 0.0364662 -0.017648 -0.815749 0.576986
1701506110.338672161 180.698 -91.246 0.906603 0.0343731 -0.0181931 -0.810613 0.58429
1701506111.347309351 180.472 -92.1613 0.877589 0.031146 -0.01922 -0.789673 0.612435
1701506112.355957270 180.281 -93.0653 0.856381 0.0296069 -0.0214695 -0.772612 0.633825
1701506113.364561081 180.127 -94.0591 0.833902 0.0273334 -0.0210699 -0.773021 0.63344
1701506114.373218060 179.986 -94.997 0.827171 0.0210292 -0.0136263 -0.782263 0.622444
1701506115.381841898 179.618 -95.4224 0.76545 0.0320913 -0.01262 -0.948765 0.314094
1701506116.390464544 179.122 -95.9937 0.730397 0.0275482 -0.0150115 -0.915195 0.401788
1701506117.399136543 178.484 -96.6414 0.685027 0.0307581 -0.0230339 -0.871462 0.488956
1701506118.407731533 178.25 -97.4595 0.672067 0.0285478 -0.027395 -0.827334 0.560315
1701506119.416362286 178.003 -98.3189 0.657903 0.0244131 -0.0269468 -0.805257 0.59181
1701506120.424999237 177.767 -99.2756 0.660807 0.0246998 -0.0305299 -0.794209 0.606374
1701506121.433639526 177.548 -100.24 0.651362 0.0211874 -0.0297647 -0.791455 0.610135
1701506122.442266703 177.34 -101.204 0.64079 0.0224711 -0.0320478 -0.789859 0.612038
1701506123.450894833 177.125 -102.103 0.679843 0.0195087 -0.031144 -0.790049 0.611942
1701506124.459534645 176.899 -103.167 0.697659 0.0298593 -0.0403067 -0.790999 0.609757
1701506125.468177795 176.676 -104.047 0.695225 0.0233153 -0.0382145 -0.791117 0.610025
1701506126.476806641 176.447 -105.022 0.724174 0.0277024 -0.0402442 -0.791779 0.608851
1701506127.485455513 176.225 -105.974 0.712539 0.0286098 -0.0429573 -0.792029 0.608298
1701506128.494073629 175.991 -106.913 0.685993 0.0265426 -0.0379078 -0.794222 0.605863
1701506129.502705812 175.768 -107.862 0.693378 0.028645 -0.0427915 -0.795118 0.604265
1701506130.511335373 175.525 -108.813 0.667605 0.0205871 -0.0296717 -0.795642 0.60469
1701506131.519980431 175.292 -109.756 0.66383 0.0212766 -0.0282955 -0.796322 0.603836
1701506132.528606415 175.05 -110.754 0.650935 0.0227628 -0.0360899 -0.796924 0.60257
1701506133.537245274 174.814 -111.718 0.631903 0.0241892 -0.0380848 -0.797444 0.601704
1701506134.545890808 174.556 -112.685 0.644831 0.0219759 -0.0362586 -0.798219 0.600873
1701506135.554525614 174.327 -113.599 0.639582 0.024207 -0.0365617 -0.799147 0.599534
1701506136.563189983 174.085 -114.559 0.630253 0.0219958 -0.0370496 -0.799804 0.598713
1701506137.571863651 173.827 -115.499 0.645609 0.0214384 -0.0351075 -0.800404 0.598048
1701506138.580430031 173.583 -116.438 0.650736 0.0209 -0.0344085 -0.801317 0.596884
1701506139.589066982 173.32 -117.402 0.641462 0.020075 -0.0324072 -0.801834 0.59633
1701506140.597685814 173.074 -118.343 0.654379 0.0196868 -0.0310914 -0.80231 0.595773
1701506141.606318474 172.922 -118.877 0.646711 0.0190277 -0.0253761 -0.804193 0.593521
1701506142.614953279 172.679 -119.807 0.639814 0.0166065 -0.0239753 -0.807502 0.589143
1701506143.623608589 172.382 -120.761 0.640626 0.0144718 -0.0250623 -0.812277 0.582553
1701506144.632224560 172.045 -121.602 0.625804 0.0195179 -0.0249985 -0.84699 0.530662
1701506145.640861034 171.734 -122.445 0.62361 0.0150386 -0.0247371 -0.823336 0.566815
1701506146.649537563 171.412 -123.373 0.610483 0.0174694 -0.0291707 -0.823867 0.565763
1701506147.658135414 171.081 -124.317 0.60894 0.0158229 -0.0296228 -0.824387 0.565029
1701506148.666767597 170.765 -125.244 0.610242 0.0167119 -0.0325168 -0.823045 0.566799
1701506149.675438881 170.431 -126.153 0.619731 0.0268923 -0.0377559 -0.823737 0.565074
1701506150.684042931 170.101 -127.056 0.599007 0.0246669 -0.0384469 -0.81983 0.570782
1701506151.692694664 169.869 -127.965 0.599211 0.0218822 -0.0380128 -0.800889 0.597205
1701506152.701312304 169.613 -128.937 0.594795 0.0190699 -0.0373434 -0.801301 0.59679
1701506153.709960461 169.354 -129.907 0.604045 0.0200179 -0.0397583 -0.802233 0.595349
1701506154.718580246 169.1 -130.766 0.620396 0.0181449 -0.0404884 -0.784922 0.618004
1701506155.727232218 169.015 -131.653 0.623131 0.0200029 -0.0438382 -0.744904 0.665429
1701506156.735858440 169.02 -132.554 0.657601 0.0152257 -0.0399334 -0.700375 0.712495
1701506157.744485617 168.776 -133.049 0.653953 0.0292197 -0.0466778 -0.817012 0.573986
1701506158.753133059 168.809 -133.828 0.670457 0.0220509 -0.0423397 -0.799529 0.598728
1701506159.761763096 168.538 -134.704 0.667547 0.0219718 -0.0446311 -0.783655 0.619201
1701506160.770393848 168.335 -135.611 0.68866 0.0190103 -0.042034 -0.806769 0.589064
1701506161.779045343 168.071 -136.232 0.66435 0.0284582 -0.036208 -0.927226 0.37166
1701506162.787677765 167.515 -136.632 0.64862 0.0266624 -0.0260149 -0.976426 0.212615
1701506163.796318531 166.616 -136.93 0.584778 0.0361319 -0.0262285 -0.990707 0.128476
1701506164.804970264 165.689 -137.059 0.506693 0.0388548 -0.0254169 -0.99697 0.0624108
1701506165.813580275 165.313 -137.233 0.485071 0.031463 -0.0291869 -0.983141 0.177742
1701506166.822207212 165.333 -137.294 0.512489 0.027413 -0.0331669 -0.948164 0.314856
1701506167.830909729 165.346 -137.336 0.510256 0.022223 -0.0380148 -0.883401 0.466544
1701506168.839489222 165.311 -137.333 0.488778 0.0197352 -0.0423978 -0.827161 0.560016
1701506169.848137856 165.321 -137.343 0.481889 0.0204582 -0.0430474 -0.827427 0.559547
1701506170.856769323 165.307 -137.343 0.477282 0.0207062 -0.0433071 -0.827246 0.559786
1701506171.865390301 165.257 -137.489 0.489549 0.0203585 -0.0431721 -0.826983 0.560197
1701506172.874046803 165.199 -137.645 0.495414 0.0195139 -0.0424817 -0.827261 0.559869
1701506173.882663727 165.137 -137.821 0.509677 0.0197369 -0.0433236 -0.827281 0.559767
1701506174.891295433 165.074 -138.004 0.499338 0.0197485 -0.0437836 -0.826921 0.560264
1701506175.899930954 165.069 -137.984 0.488313 0.0197031 -0.0437015 -0.826656 0.560662
1701506176.908569336 165.071 -137.986 0.4937 0.0202959 -0.0443598 -0.826891 0.560243
1701506177.917203903 165.03 -138.125 0.493682 0.0213457 -0.0459169 -0.826454 0.560722
1701506178.925840616 164.93 -138.387 0.494631 0.0216869 -0.0469934 -0.826736 0.560204
1701506179.934475660 164.835 -138.643 0.513305 0.0220595 -0.0479968 -0.827007 0.559704
1701506180.943115234 164.739 -138.928 0.529578 0.0223839 -0.0488643 -0.827972 0.558188
1701506181.951764107 164.686 -139.065 0.52364 0.022653 -0.0498007 -0.827356 0.559007
1701506182.960388660 164.657 -139.159 0.542064 0.0219791 -0.0493812 -0.826943 0.559681
1701506183.969035625 164.738 -139.138 0.536067 0.0161162 -0.0480521 -0.784239 0.618385
1701506184.977725029 164.764 -139.471 0.595624 0.00787024 -0.0520752 -0.65837 0.75085
1701506185.986314774 164.958 -140.265 0.716897 0.0034701 -0.0524742 -0.606727 0.793169
1701506186.994932413 165.287 -140.978 0.79597 -0.000325763 -0.0556023 -0.547469 0.834976
1701506188.003586054 165.744 -141.807 0.908244 -0.00224601 -0.0531221 -0.544862 0.836839
1701506189.012208700 166.047 -142.567 1.01653 0.0033153 -0.0544051 -0.624649 0.779001
1701506190.020847321 166.276 -143.355 1.1082 0.00510177 -0.055742 -0.658663 0.750353
1701506191.029486179 166.387 -144.231 1.17027 0.00638181 -0.0546556 -0.692451 0.719363
1701506192.038119793 166.324 -145.067 1.22109 0.00806687 -0.0500951 -0.752222 0.656954
1701506193.046759844 166.214 -145.976 1.25146 0.00864781 -0.0503605 -0.771272 0.634451
1701506194.055428982 166.006 -146.915 1.29703 0.00796499 -0.0493811 -0.785972 0.616235
1701506195.064024925 165.796 -147.802 1.3374 0.00468097 -0.0418425 -0.810691 0.583958
1701506196.072666883 165.514 -148.684 1.32292 0.000511246 -0.0397103 -0.811399 0.583142
1701506197.081312656 165.213 -149.646 1.37049 -0.000871238 -0.0397951 -0.81229 0.581894
1701506198.089942455 164.926 -150.559 1.39944 0.000815256 -0.0434182 -0.813096 0.580508
1701506199.098576307 164.625 -151.458 1.4478 -0.00179115 -0.042885 -0.814423 0.578683
1701506200.107210636 164.315 -152.412 1.42624 -0.0036585 -0.0435951 -0.815243 0.577465
1701506201.115853071 164.025 -153.309 1.45264 -0.00814886 -0.0400896 -0.816018 0.576576
1701506202.124491215 163.749 -154.193 1.5133 -0.00941241 -0.0431049 -0.794968 0.605044
1701506203.133121490 163.557 -155.109 1.55339 -0.0144819 -0.0380624 -0.791062 0.610378
1701506204.141757488 163.356 -156 1.58926 -0.0165733 -0.0378219 -0.790965 0.610467
1701506205.150395632 163.102 -156.918 1.64218 -0.0183216 -0.038434 -0.800294 0.598094
1701506206.159039736 162.844 -157.856 1.70461 -0.0203285 -0.0383072 -0.805927 0.590424
1701506207.167667389 162.58 -158.755 1.79639 -0.0183369 -0.043442 -0.806945 0.588741
1701506208.176304340 162.299 -159.711 1.87865 -0.0270077 -0.0288168 -0.807778 0.588162
1701506209.184957027 162.058 -160.649 1.91948 -0.0258267 -0.0400195 -0.807458 0.588
1701506210.193587303 161.764 -161.589 2.02367 -0.0267656 -0.0364573 -0.809389 0.585529
1701506211.202220917 161.523 -162.528 2.05908 -0.0382771 -0.0234563 -0.810119 0.584544
1701506212.210856676 161.221 -163.477 2.11737 -0.047856 -0.036177 -0.809807 0.583621
1701506213.219504356 160.936 -164.4 2.24703 -0.0311216 -0.0389826 -0.810701 0.583332
1701506214.228139400 160.672 -165.3 2.30745 -0.0333488 -0.0408736 -0.797531 0.600967
1701506215.236768961 160.512 -166.202 2.40708 -0.0364698 -0.0383409 -0.768314 0.637882
1701506216.245412827 160.415 -167.086 2.48419 -0.0393138 -0.0372513 -0.73783 0.672811
1701506217.254044771 160.412 -167.136 2.48168 -0.0387578 -0.0399219 -0.738413 0.67205
1701506218.262688160 160.405 -167.148 2.48166 -0.0390834 -0.0390269 -0.738303 0.672204
1701506219.271316051 160.287 -167.518 2.52665 -0.0348494 -0.0460477 -0.798291 0.599497
1701506220.279968262 160.074 -168.436 2.63411 -0.0350945 -0.0436342 -0.807643 0.587008
1701506221.288593292 159.769 -169.404 2.70749 -0.0230699 -0.0338525 -0.810078 0.58489
1701506222.297227859 159.519 -170.285 2.81707 -0.0435399 -0.0557352 -0.809943 0.582229
1701506223.305885077 159.224 -171.219 2.91185 -0.039243 -0.0402003 -0.810994 0.582351
1701506224.314509153 158.947 -172.137 2.99792 -0.039264 -0.0386692 -0.811777 0.581361
1701506225.323145390 158.661 -173.061 3.08968 -0.0381861 -0.0376567 -0.812667 0.580255
1701506226.331779480 158.362 -174.045 3.18182 -0.0337394 -0.0421507 -0.813289 0.579349
1701506227.340429306 158.058 -174.986 3.288 -0.0370236 -0.0395017 -0.813443 0.579119
1701506228.349072933 157.772 -175.874 3.35947 -0.035675 -0.0416391 -0.814042 0.578212
1701506229.357697964 157.46 -176.837 3.48371 -0.0340405 -0.0436039 -0.815276 0.576424
1701506230.366343975 157.169 -177.75 3.55877 -0.0321996 -0.0459054 -0.816053 0.57525
1701506231.374969959 156.849 -178.692 3.66044 -0.033743 -0.0421987 -0.81678 0.574414
1701506232.383600712 156.554 -179.606 3.73993 -0.031675 -0.0458742 -0.815898 0.575503
1701506233.392248154 156.255 -180.541 3.84932 -0.0296593 -0.0497995 -0.815641 0.575647
1701506234.400879383 155.958 -181.446 3.91852 -0.0273087 -0.0481871 -0.806111 0.589167
1701506235.409513950 155.7 -182.39 4.01851 -0.0301502 -0.0422483 -0.805016 0.590978
1701506236.418159246 155.44 -183.309 4.09877 -0.0307851 -0.0430136 -0.805617 0.59007
1701506237.426792383 155.159 -184.272 4.19008 -0.0323891 -0.0435633 -0.806798 0.588328
1701506238.435431957 154.887 -185.226 4.28883 -0.0344694 -0.0449689 -0.806439 0.588597
1701506239.444182396 154.623 -186.175 4.38272 -0.0331191 -0.0412886 -0.80326 0.593273
1701506240.452718735 154.353 -187.04 4.48364 -0.0381453 -0.0419949 -0.807122 0.587652
1701506241.461344481 154.099 -187.997 4.58043 -0.0361417 -0.0418751 -0.809412 0.58463
1701506242.469981432 153.824 -188.926 4.66666 -0.0381221 -0.04197 -0.80947 0.584417
1701506243.478618145 153.649 -189.805 4.74636 -0.0380918 -0.0390518 -0.765818 0.64074
1701506244.487281322 153.515 -190.77 4.84668 -0.0360581 -0.0362534 -0.76552 0.641377
1701506245.495889187 153.363 -191.707 4.9362 -0.0334554 -0.0396036 -0.764479 0.642561
1701506246.504535198 153.296 -192.629 5.03588 -0.0357315 -0.0391268 -0.742129 0.668159
1701506247.513170481 153.219 -193.588 5.12202 -0.0386944 -0.03836 -0.742386 0.667754
1701506248.521817446 153.155 -194.55 5.21466 -0.0429408 -0.0367149 -0.743272 0.666599
1701506249.530443430 153.06 -195.519 5.32854 -0.0381422 -0.0409107 -0.758536 0.649226
1701506250.539081812 152.91 -196.426 5.41145 -0.0403723 -0.0419981 -0.7796 0.623562
1701506251.547743320 152.719 -197.393 5.52517 -0.0419762 -0.0432796 -0.780445 0.62231
1701506252.556369305 152.549 -198.333 5.62724 -0.0391602 -0.0451293 -0.781093 0.621549
1701506253.565095901 152.358 -199.271 5.7342 -0.0413252 -0.0459075 -0.781763 0.62051
1701506254.573644638 152.166 -200.263 5.85419 -0.0383516 -0.0491531 -0.782054 0.620084
1701506255.582276344 151.972 -201.229 5.96547 -0.0411079 -0.0494424 -0.782166 0.619743
1701506256.590932131 151.771 -202.191 6.07148 -0.0397936 -0.0517097 -0.782765 0.618887
1701506257.599566460 151.572 -203.156 6.1897 -0.0382533 -0.0537266 -0.783208 0.618252
1701506258.608204842 151.378 -204.108 6.29969 -0.0375631 -0.0561418 -0.783971 0.617111
1701506259.616854191 151.171 -205.043 6.41079 -0.0357704 -0.0578548 -0.785053 0.615683
1701506260.625488520 150.97 -206.002 6.52273 -0.033864 -0.060488 -0.785529 0.61493
1701506261.634112358 150.745 -206.964 6.65265 -0.0339902 -0.0555527 -0.786195 0.614538
1701506262.642744780 150.539 -207.9 6.7682 -0.0368238 -0.0584271 -0.786455 0.613774
1701506263.651399612 150.317 -208.876 6.87486 -0.0346302 -0.0562057 -0.787434 0.612853
1701506264.660025120 150.141 -209.787 6.98814 -0.0350168 -0.0562949 -0.780001 0.622256
1701506265.668673038 149.976 -210.724 7.10259 -0.0393252 -0.055178 -0.765487 0.639874
1701506266.677294731 149.839 -211.661 7.22594 -0.0456072 -0.0572066 -0.755059 0.651562
1701506267.685946941 149.724 -212.675 7.33498 -0.0347946 -0.0474031 -0.76035 0.646846
1701506268.694583893 149.551 -213.587 7.44032 -0.0331025 -0.0509958 -0.776892 0.626692
1701506269.703229666 149.379 -214.536 7.54151 -0.034123 -0.0546659 -0.777669 0.625362
1701506270.711863756 149.183 -215.512 7.64755 -0.0327667 -0.0524775 -0.778458 0.624641
1701506271.720484972 148.992 -216.459 7.75395 -0.0231052 -0.0397874 -0.780046 0.624028
1701506272.729127645 148.807 -217.404 7.85079 -0.0445601 -0.0648348 -0.77924 0.621769
1701506273.737779617 148.612 -218.407 7.97814 -0.0317146 -0.0575937 -0.780448 0.621754
1701506274.746406078 148.422 -219.353 8.0857 -0.0328387 -0.058507 -0.779407 0.622915
1701506275.755036354 148.234 -220.272 8.19916 -0.0322033 -0.0582759 -0.777851 0.624911
1701506276.763679504 148.104 -221.189 8.3091 -0.0296523 -0.059293 -0.756478 0.65065
1701506277.772317171 147.974 -222.154 8.41833 -0.0330609 -0.0569025 -0.757266 0.649783
1701506278.780952215 147.851 -223.109 8.54215 -0.0354462 -0.0561017 -0.757562 0.649382
1701506279.789591312 147.721 -224.079 8.64916 -0.0318806 -0.0561558 -0.757993 0.649059
1701506280.798277855 147.6 -225.04 8.76409 -0.0318231 -0.057032 -0.750961 0.657109
1701506281.806879044 147.499 -225.983 8.85679 -0.0403153 -0.0678972 -0.75249 0.653853
1701506282.815533400 147.388 -226.96 8.99018 -0.0328665 -0.0568862 -0.754522 0.652978
1701506283.824164391 147.275 -227.938 9.10399 -0.03381 -0.0574744 -0.754402 0.653017
1701506284.832801342 147.156 -228.943 9.2171 -0.0299075 -0.0587187 -0.754034 0.653522
1701506285.841448784 147.09 -229.862 9.32842 -0.0300403 -0.0590626 -0.735417 0.674368
1701506286.850083590 147.042 -230.847 9.42906 -0.0292297 -0.0512247 -0.734982 0.675517
1701506287.858708382 146.97 -231.83 9.5346 -0.0321891 -0.0530805 -0.735477 0.6747
1701506288.867355824 146.91 -232.779 9.63977 -0.0346762 -0.0535177 -0.73628 0.673665
1701506289.875999212 146.865 -233.761 9.76445 -0.0291915 -0.0540497 -0.736396 0.673756
1701506290.884637356 146.814 -234.738 9.87373 -0.0323555 -0.0489126 -0.736741 0.673627
1701506291.893270016 146.765 -235.699 9.96913 -0.0285448 -0.0445323 -0.736935 0.673891
1701506292.901896954 146.695 -236.681 10.0678 -0.033922 -0.04368 -0.73761 0.672959
1701506293.910531998 146.632 -237.649 10.1608 -0.0319767 -0.0427175 -0.738546 0.672088
1701506294.919180870 146.564 -238.622 10.2559 -0.0348843 -0.0448847 -0.739399 0.670863
1701506295.927814245 146.501 -239.622 10.3617 -0.0327498 -0.0408771 -0.739891 0.670685
1701506296.936454773 146.432 -240.624 10.4518 -0.0322102 -0.035084 -0.74105 0.669759
1701506297.945088387 146.44 -241.482 10.5272 -0.0386489 -0.039791 -0.69692 0.715
1701506298.953730583 146.484 -242.457 10.6164 -0.0375888 -0.0310523 -0.698341 0.714102
1701506299.962374210 146.533 -243.455 10.7009 -0.0307561 -0.0214055 -0.6993 0.713845
1701506300.971000671 146.594 -244.424 10.7594 -0.0315578 -0.0227445 -0.699553 0.713521
1701506301.979648113 146.637 -245.398 10.8333 -0.0341832 -0.0235796 -0.700371 0.71257
1701506302.988295078 146.692 -246.383 10.901 -0.0352619 -0.0260842 -0.701362 0.711455
1701506303.997117996 146.727 -247.352 10.9857 -0.0397462 -0.0261905 -0.702413 0.710176
1701506305.005937576 146.763 -248.336 11.0702 -0.0366432 -0.0306983 -0.703308 0.709276
1701506306.014743567 146.793 -249.307 11.1532 -0.0360942 -0.0342793 -0.704324 0.708131
1701506307.023561478 146.826 -250.286 11.2491 -0.0357837 -0.0334311 -0.705481 0.707035
1701506308.032351971 146.857 -251.293 11.3416 -0.0411338 -0.0376435 -0.705654 0.70636
1701506309.041163445 146.896 -252.259 11.4457 -0.0325663 -0.0381584 -0.698923 0.713436
1701506310.049992561 146.961 -253.223 11.5317 -0.0363728 -0.0339922 -0.691334 0.720818
1701506311.058801174 147.03 -254.194 11.6227 -0.0403791 -0.0357654 -0.692493 0.719406
1701506312.067619801 147.103 -255.178 11.7142 -0.0404428 -0.033033 -0.6935 0.718562
1701506313.076427937 147.173 -256.137 11.8046 -0.0408346 -0.0297283 -0.694249 0.71796
1701506314.085233450 147.22 -257.118 11.9005 -0.0405038 -0.0309554 -0.695076 0.717127
1701506315.094027519 147.269 -258.101 11.9847 -0.0323826 -0.0370151 -0.694342 0.717963
1701506316.102830410 147.415 -258.994 12.07 -0.0326247 -0.0331832 -0.660694 0.749212
1701506317.111654043 147.558 -259.965 12.1441 -0.0357414 -0.0318831 -0.660331 0.749446
1701506318.120444536 147.711 -260.928 12.2348 -0.0336356 -0.0287944 -0.661257 0.748851
1701506319.129273176 147.858 -261.91 12.2946 -0.0350336 -0.0290058 -0.662027 0.748099
1701506320.138051510 147.996 -262.877 12.3917 -0.0375416 -0.0290699 -0.662328 0.747708
1701506321.146873474 148.128 -263.851 12.4711 -0.0385104 -0.0347388 -0.676571 0.734548
1701506322.155660629 148.219 -264.807 12.5732 -0.0377669 -0.0325769 -0.685238 0.72661
1701506323.164466381 148.303 -265.764 12.6518 -0.0391036 -0.0347867 -0.686819 0.724942
1701506324.173282146 148.394 -266.733 12.7517 -0.0394452 -0.0373893 -0.687251 0.724384
1701506325.182069063 148.473 -267.717 12.8543 -0.0411622 -0.0368515 -0.688453 0.723174
1701506326.190873146 148.571 -268.69 12.9647 -0.0419852 -0.0359525 -0.688743 0.722895
1701506327.199693203 148.598 -269.664 13.0386 -0.041957 -0.035776 -0.683035 0.728301
1701506328.208471775 148.719 -270.613 13.1342 -0.0424007 -0.0354002 -0.681331 0.729888
1701506329.217280865 148.834 -271.591 13.2363 -0.0406986 -0.0314479 -0.681415 0.730087
1701506330.226082325 148.895 -272.56 13.3076 -0.0345297 -0.0249569 -0.682674 0.72948
1701506331.234869480 148.999 -273.526 13.4079 -0.04471 -0.0566105 -0.681033 0.728691
1701506332.243677139 149.078 -274.494 13.4628 -0.0371464 -0.0323618 -0.685379 0.726518
1701506333.252475262 149.135 -275.484 13.6126 -0.0461942 -0.0392118 -0.696247 0.71524
1701506334.261272430 149.225 -276.425 13.7258 -0.0414495 -0.0333787 -0.701858 0.710326
1701506335.270077229 149.248 -277.414 13.8125 -0.0418247 -0.0338971 -0.70296 0.709189
1701506336.278878689 149.29 -278.386 13.9264 -0.041563 -0.0313703 -0.704158 0.708131
1701506337.287655830 149.318 -279.374 14.0236 -0.0485384 -0.0366006 -0.706365 0.705233
1701506338.296460390 149.353 -280.313 14.1321 -0.0391497 -0.0389792 -0.720555 0.691194
1701506339.305265188 149.311 -281.286 14.2367 -0.0422309 -0.0361031 -0.723094 0.688512
1701506340.314035416 149.291 -282.241 14.3214 -0.0390226 -0.0421138 -0.724131 0.687268
1701506341.322827578 149.251 -283.209 14.4627 -0.0269412 -0.0479744 -0.726227 0.68525
1701506342.331627369 149.229 -284.215 14.5252 -0.0308419 -0.0428531 -0.727616 0.68395
1701506343.340413094 149.199 -285.145 14.6387 -0.0319423 -0.0435495 -0.719866 0.692009
1701506344.349216461 149.198 -286.14 14.7335 -0.0324016 -0.0431798 -0.719712 0.692171
1701506345.358003139 149.174 -287.124 14.8509 -0.0328742 -0.0508738 -0.720064 0.691259
1701506346.366791248 149.16 -288.114 14.961 -0.0336898 -0.0531611 -0.720753 0.690329
1701506347.375597715 149.122 -289.136 14.9978 -0.019579 -0.0289091 -0.720892 0.692167
1701506348.384380102 149.116 -290.063 15.1267 -0.0309042 -0.0465543 -0.72088 0.690803
1701506349.393167973 149.103 -291.049 15.2112 -0.0280812 -0.0519932 -0.720438 0.690997
1701506350.401968956 149.098 -292.017 15.3132 -0.027484 -0.0454803 -0.72185 0.690007
1701506351.410752296 149.081 -292.988 15.4043 -0.0267673 -0.0477601 -0.722142 0.689575
1701506352.419537306 149.043 -293.964 15.4946 -0.0240306 -0.0522854 -0.720875 0.690673
1701506353.428333759 149.056 -294.882 15.6072 -0.0250183 -0.0507184 -0.700114 0.711788
1701506354.437108040 149.179 -295.779 15.6934 -0.0284075 -0.0469414 -0.657043 0.751853
1701506355.445913792 149.369 -296.742 15.7903 -0.019535 -0.0396102 -0.63988 0.767205
1701506356.454674244 149.571 -297.706 15.8654 -0.0298434 -0.0446385 -0.638176 0.768016
1701506357.463471413 149.764 -298.674 15.9593 -0.0249187 -0.0427862 -0.638114 0.768348
1701506358.472262859 149.971 -299.644 16.0453 -0.0262285 -0.0371781 -0.639623 0.767341
1701506359.481042862 150.173 -300.603 16.1078 -0.0174373 -0.0259525 -0.640366 0.767434
1701506360.489823818 150.379 -301.577 16.1873 -0.0243916 -0.0250299 -0.640656 0.767033
1701506361.498598099 150.588 -302.527 16.2408 -0.0265161 -0.0336583 -0.642987 0.764677
1701506362.507379532 150.731 -303.448 16.352 -0.0443111 -0.0344092 -0.659842 0.749307
1701506363.516160965 150.877 -304.42 16.4542 -0.040114 -0.0371338 -0.66072 0.748639
1701506364.524943829 151.018 -305.348 16.5536 -0.0392692 -0.0408988 -0.662529 0.746888
1701506365.533716202 151.194 -306.277 16.6556 -0.0444092 -0.0380854 -0.648933 0.758593
1701506366.542501688 151.374 -307.281 16.764 -0.0403686 -0.0360987 -0.650671 0.757426
1701506367.551290512 151.543 -308.261 16.8551 -0.0330162 -0.0357985 -0.647282 0.760693
1701506368.560075760 151.732 -309.205 16.9429 -0.034755 -0.042896 -0.64706 0.760438
1701506369.568839788 151.925 -310.096 17.0521 -0.0423208 -0.0436489 -0.627161 0.776513
1701506370.577625275 152.156 -311.074 17.1421 -0.0373671 -0.0387609 -0.627516 0.77674
1701506371.586399078 152.395 -312.003 17.2285 -0.0333126 -0.0386244 -0.628058 0.776493
1701506372.595188141 152.624 -312.93 17.3414 -0.0396544 -0.0412465 -0.629622 0.774792
1701506373.603958845 152.863 -313.916 17.4333 -0.0434239 -0.0372139 -0.630397 0.774163
1701506374.612752914 153.083 -314.838 17.5453 -0.0440202 -0.03934 -0.630459 0.773974
1701506375.621511936 153.313 -315.799 17.651 -0.0461634 -0.0386234 -0.631894 0.772714
1701506376.630287647 153.535 -316.74 17.7434 -0.0393602 -0.0351684 -0.633604 0.771855
1701506377.639070511 153.756 -317.698 17.8329 -0.0396418 -0.038783 -0.634055 0.771297
1701506378.647835970 153.983 -318.727 17.9578 -0.0400261 -0.0406658 -0.635078 0.770338
1701506379.656656265 154.185 -319.668 18.0695 -0.038466 -0.0400543 -0.636186 0.769535
1701506380.665391445 154.397 -320.605 18.1618 -0.0383461 -0.0395357 -0.637383 0.768576
1701506381.674193382 154.591 -321.549 18.284 -0.0392478 -0.0434326 -0.638279 0.767577
1701506382.682944536 154.799 -322.491 18.3798 -0.0443525 -0.0412483 -0.639012 0.766808
1701506383.691712379 155.026 -323.428 18.4771 -0.0467827 -0.0343073 -0.62859 0.77557
1701506384.700498104 155.256 -324.371 18.5653 -0.0443338 -0.0319242 -0.628815 0.775634
1701506385.709264278 155.483 -325.305 18.6737 -0.0457819 -0.0374565 -0.629881 0.774436
1701506386.718039513 155.701 -326.249 18.7819 -0.0434786 -0.0393938 -0.631553 0.77311
1701506387.726810455 155.93 -327.219 18.8722 -0.0374895 -0.0329403 -0.63353 0.772107
1701506388.735566139 156.145 -328.17 18.9616 -0.0404726 -0.0323796 -0.632929 0.772473
1701506389.744337082 156.382 -329.157 19.0525 -0.0389285 -0.0293827 -0.633993 0.771799
1701506390.753112793 156.612 -330.148 19.1237 -0.0384814 -0.0270573 -0.634534 0.771462
1701506391.761894226 156.825 -331.096 19.2224 -0.0376195 -0.0279886 -0.635622 0.770575
1701506392.770646334 157.033 -332.039 19.2892 -0.0337751 -0.0279547 -0.636203 0.770275
1701506393.779421806 157.27 -333.003 19.3485 -0.0271546 -0.0246141 -0.637717 0.769399
1701506394.788200140 157.477 -333.951 19.4057 -0.0266103 -0.0238749 -0.638473 0.768814
1701506395.796965599 157.678 -334.913 19.4663 -0.0238378 -0.0243458 -0.64026 0.767402
1701506396.805717468 157.893 -335.89 19.5053 -0.0234041 -0.0247383 -0.641072 0.766725
1701506397.814490795 158.1 -336.852 19.5575 -0.0214476 -0.0246606 -0.642027 0.765985
1701506398.823254585 158.32 -337.794 19.6084 -0.0221556 -0.0259433 -0.642779 0.765292
1701506399.832032204 158.506 -338.751 19.6718 -0.0215975 -0.0259104 -0.643616 0.764605
1701506400.840781689 158.745 -339.697 19.7159 -0.022584 -0.0282842 -0.655263 0.754534
1701506401.849543810 158.79 -340.618 19.7629 -0.0212268 -0.0306196 -0.706153 0.707079
1701506402.858325005 158.784 -341.602 19.8396 -0.0219932 -0.0313402 -0.708546 0.704625
1701506403.867095470 158.776 -342.615 19.9366 -0.0230164 -0.0322637 -0.70947 0.703621
1701506404.875856161 158.797 -343.52 19.9983 -0.0239787 -0.0343332 -0.7169 0.695917
1701506405.884608269 158.701 -344.414 20.1091 -0.0307489 -0.0503086 -0.756327 0.651532
1701506406.893367767 158.577 -345.192 20.2208 -0.0293757 -0.0573122 -0.81893 0.570269
1701506407.902146339 158.277 -346.08 20.2852 -0.0318869 -0.0577657 -0.823384 0.563635
1701506408.910934925 157.982 -346.883 20.4269 -0.0296968 -0.0617983 -0.860802 0.504301
1701506409.919747829 157.456 -347.741 20.517 -0.0305217 -0.0610173 -0.862936 0.500687
1701506410.928421974 157.023 -348.607 20.6497 -0.0326651 -0.0615285 -0.86384 0.498927
1701506411.937181234 156.625 -348.996 20.7126 -0.0150812 -0.0679272 -0.971543 0.226413
1701506412.945945263 155.713 -349.225 20.7237 -0.0098654 -0.0687202 -0.990138 0.121682
1701506413.954716444 154.883 -349.338 20.7125 -0.004817 -0.0681433 -0.997042 0.0352256
1701506414.963481903 153.929 -349.39 20.6751 -0.00373825 -0.0688247 -0.997572 -0.00998387
1701506415.972235918 153.084 -349.335 20.6834 -0.000399938 -0.0686392 -0.994689 -0.0766924
1701506416.980984211 152.147 -349.227 20.6641 -0.00310683 -0.068769 -0.994864 -0.074207
1701506417.989759922 151.17 -349.09 20.6594 -0.0035363 -0.069024 -0.994745 -0.0755326
1701506418.998502254 150.239 -348.988 20.64 -0.00581023 -0.0694741 -0.994677 -0.0758706
1701506420.007259369 149.283 -348.921 20.6344 -0.00935317 -0.0693192 -0.995728 -0.060275
1701506421.016014576 148.345 -348.856 20.6453 -0.0140569 -0.0689851 -0.996976 -0.0329028
1701506422.024773598 147.353 -348.83 20.6577 -0.0146174 -0.0689875 -0.996929 -0.0340523
1701506423.033522606 146.436 -348.735 20.6794 -0.00785772 -0.0642738 -0.997712 -0.0194327
1701506424.042331696 145.513 -348.765 20.6995 -0.00858601 -0.0624107 -0.997795 0.0209096
1701506425.051053524 144.541 -348.902 20.7077 -0.00893404 -0.062695 -0.99699 0.0447287
1701506426.059804201 143.565 -349.022 20.7288 -0.0113736 -0.0652019 -0.996861 0.0434379
1701506427.068644524 142.602 -349.124 20.76 -0.0143194 -0.0666782 -0.996769 0.0424271
1701506428.077318192 141.651 -349.234 20.7771 -0.00661093 -0.0732052 -0.996564 0.0381782
1701506429.086069107 140.686 -349.318 20.7834 -0.00319301 -0.06846 -0.997281 0.0270931
1701506430.094822884 139.749 -349.366 20.7897 -0.00239648 -0.0705642 -0.997496 0.004052
1701506431.103567362 138.781 -349.396 20.7809 -0.00847667 -0.069381 -0.997546 -0.00408382
1701506432.112328529 137.752 -349.425 20.7742 -0.00401505 -0.0682908 -0.997642 -0.00561995
1701506433.121082783 136.794 -349.439 20.7796 -0.00474466 -0.0689546 -0.997589 -0.00618495
1701506434.129842043 135.867 -349.467 20.8038 -0.00666052 -0.0718098 -0.997353 0.00928673
1701506435.138579130 134.882 -349.503 20.7982 -0.00782497 -0.0650964 -0.997811 0.00862257
1701506436.147339582 133.946 -349.546 20.8124 -0.00707929 -0.0665056 -0.997728 0.00806222
1701506437.156084776 132.926 -349.596 20.8208 -0.00680413 -0.071855 -0.997363 0.0076207
1701506438.164850712 131.948 -349.621 20.8164 -0.00702865 -0.0628764 -0.997974 0.00669379
1701506439.173587322 130.996 -349.689 20.8339 -0.00853378 -0.0641501 -0.997729 0.0186991
1701506440.182341576 130.041 -349.78 20.8442 -0.00571794 -0.0657847 -0.99706 0.0388631
1701506441.191088676 129.111 -349.912 20.8849 -0.0129564 -0.0666131 -0.99609 0.0565696
1701506442.199843884 128.152 -350.049 20.8684 -0.0071098 -0.0634152 -0.995413 0.0712854
1701506443.208597660 127.252 -350.176 20.897 -0.00520043 -0.0686289 -0.997177 0.030018
1701506444.217343330 126.26 -350.253 20.903 -0.00632396 -0.0639429 -0.997547 0.0277669
1701506445.226090431 125.341 -350.354 20.905 -0.00560923 -0.0623073 -0.997912 -0.0160404
1701506446.234829664 124.43 -350.278 20.9115 -0.00275882 -0.068777 -0.9976 -0.00747639
1701506447.243598700 123.493 -350.348 20.9209 -0.00630013 -0.0671715 -0.997657 0.0113916
1701506448.252325773 122.548 -350.401 20.9273 -0.00737957 -0.0682542 -0.997316 0.0254693
1701506449.261082172 121.571 -350.501 20.9455 -0.00934845 -0.0685563 -0.997079 0.0323538
1701506450.269837379 120.561 -350.592 20.9473 -0.00519336 -0.0676171 -0.997362 0.0259024
1701506451.278572559 119.613 -350.667 20.9664 -0.00804127 -0.0671942 -0.997397 0.0248983
1701506452.287319899 118.628 -350.748 20.9781 -0.00615258 -0.0698205 -0.997251 0.0240221
1701506453.296056747 117.687 -350.81 20.9894 -0.00999017 -0.065933 -0.99751 0.0229584
1701506454.304818392 116.708 -350.885 21.0102 -0.007141 -0.0661867 -0.997538 0.0220566
1701506455.313569546 115.728 -350.961 21.0127 -0.00646856 -0.0677507 -0.997449 0.0215439
1701506456.322312832 114.759 -351.027 21.0246 -0.00729791 -0.0671139 -0.997496 0.0210774
1701506457.331052780 113.801 -351.09 21.0418 -0.00729578 -0.0639109 -0.997724 0.0202046
1701506458.339786530 112.821 -351.153 21.0578 -0.00823824 -0.0663743 -0.99757 0.0195331
1701506459.348538876 111.87 -351.218 21.0746 -0.00957325 -0.0670717 -0.997529 0.0186178
1701506460.357284546 110.897 -351.28 21.0991 -0.00919855 -0.0681027 -0.997487 0.0172487
1701506461.366023540 109.87 -351.339 21.1083 -0.00846541 -0.0679157 -0.997518 0.0165452
1701506462.374763012 108.879 -351.406 21.1202 -0.00585899 -0.0670526 -0.997598 0.0163758
1701506463.383524418 107.887 -351.471 21.1352 -0.00507744 -0.0674757 -0.997503 0.0202487
1701506464.392250061 106.931 -351.539 21.1517 -0.00608628 -0.0697536 -0.997354 0.0195365
1701506465.400988579 105.997 -351.589 21.1576 -0.00736564 -0.064687 -0.997703 0.0187184
1701506466.409747601 105.016 -351.652 21.1665 -0.00876389 -0.0633063 -0.997801 0.0175916
1701506467.418472767 104.045 -351.709 21.1857 -0.00974286 -0.062743 -0.997725 0.0226627
1701506468.427214622 103.103 -351.817 21.2069 -0.0121727 -0.0615035 -0.997002 0.0453482
1701506469.435953617 102.149 -351.943 21.2231 -0.0119497 -0.0634745 -0.996892 0.0451097
1701506470.444701672 101.187 -352.048 21.2506 -0.0137409 -0.0616942 -0.997009 0.0444725
1701506471.453440189 100.229 -352.16 21.2761 -0.0139931 -0.0638575 -0.996899 0.0437969
1701506472.462169647 99.2309 -352.278 21.3154 -0.0131387 -0.0653036 -0.99639 0.0526285
1701506473.470927238 98.2863 -352.446 21.343 -0.0155037 -0.0662804 -0.994838 0.0752609
1701506474.479671001 97.3611 -352.62 21.3782 -0.0181707 -0.0660055 -0.993456 0.0914282
1701506475.488409519 96.4088 -352.821 21.4104 -0.0168117 -0.0692867 -0.993313 0.0908041
1701506476.497135639 95.4283 -353.035 21.451 -0.0175618 -0.0682342 -0.993401 0.0905043
1701506477.505877495 94.4945 -353.231 21.4994 -0.0176983 -0.0701482 -0.993318 0.0899198
1701506478.514621258 93.5062 -353.44 21.5591 -0.015983 -0.0738045 -0.992961 0.0912485
1701506479.523363113 92.6044 -353.656 21.604 -0.0188586 -0.0716223 -0.990098 0.119253
1701506480.532083035 91.7632 -353.979 21.6559 -0.0211684 -0.0724366 -0.985138 0.154299
1701506481.540817261 90.8582 -354.28 21.698 -0.0207629 -0.0757618 -0.984943 0.153999
1701506482.549577236 89.9436 -354.605 21.7638 -0.0223695 -0.0751244 -0.985012 0.153648
1701506483.558288813 89.032 -354.936 21.8304 -0.0236439 -0.0744299 -0.984481 0.157158
1701506484.567048073 88.0951 -355.266 21.888 -0.0236253 -0.0774866 -0.983277 0.163105
1701506485.575776100 87.196 -355.583 21.9506 -0.0251224 -0.0793042 -0.983529 0.160468
1701506486.584514141 86.248 -355.924 22.0169 -0.0224008 -0.0811208 -0.983596 0.159553
1701506487.593244314 85.3932 -356.252 22.0757 -0.0223914 -0.0859001 -0.978938 0.183848
1701506488.601977587 84.5091 -356.653 22.154 -0.0185172 -0.0867981 -0.977668 0.190497
1701506489.610711098 83.6834 -357.045 22.2245 -0.0258158 -0.0828946 -0.973049 0.213628
1701506490.619448662 82.8161 -357.471 22.2933 -0.023494 -0.0840085 -0.967871 0.235832
1701506491.628182888 82.0743 -357.941 22.3752 -0.0251483 -0.083327 -0.956333 0.27902
1701506492.636919975 81.2749 -358.492 22.457 -0.020971 -0.0837984 -0.956202 0.279671
1701506493.645663261 80.4589 -359.007 22.5364 -0.023061 -0.0836396 -0.953937 0.287186
1701506494.654369831 79.6983 -359.585 22.6169 -0.0230507 -0.0842169 -0.950145 0.299333
1701506495.663109303 78.9115 -360.164 22.7015 -0.0210025 -0.0807584 -0.950657 0.298811
1701506496.671841145 78.1155 -360.741 22.786 -0.0187428 -0.0763818 -0.951238 0.298263
1701506497.680584431 77.3412 -361.316 22.8586 -0.0203162 -0.0782253 -0.951344 0.297342
1701506498.689320087 76.535 -361.904 22.9306 -0.0173432 -0.0775361 -0.951733 0.296465
1701506499.698039532 75.7403 -362.48 23.003 -0.0158918 -0.0771181 -0.952051 0.295634
1701506500.706775665 74.9501 -363.067 23.0626 -0.0125257 -0.0743311 -0.952473 0.295149
1701506501.715500832 74.1821 -363.628 23.1367 -0.0183816 -0.0760188 -0.949022 0.305353
1701506502.724225760 73.434 -364.229 23.2114 -0.0162073 -0.0714822 -0.945576 0.317038
1701506503.732967377 72.7214 -364.821 23.2683 -0.0149396 -0.0713335 -0.935374 0.346068
1701506504.741682529 72.0366 -365.47 23.3397 -0.0147571 -0.0727464 -0.926817 0.368105
1701506505.750425339 71.3781 -366.158 23.4038 -0.014535 -0.0724513 -0.917696 0.390351
1701506506.759149551 70.7288 -366.887 23.4913 -0.0162621 -0.0728452 -0.91697 0.391911
1701506507.767871857 70.097 -367.601 23.5686 -0.0170833 -0.0726902 -0.90899 0.410074
1701506508.776611328 69.5047 -368.358 23.6516 -0.0176638 -0.0730057 -0.898806 0.431864
1701506509.785336494 68.9403 -369.135 23.7463 -0.0174919 -0.0718855 -0.888226 0.453411
1701506510.794068813 68.3965 -369.933 23.826 -0.0193118 -0.0733388 -0.886067 0.457311
1701506511.802789211 67.8424 -370.753 23.9158 -0.0205626 -0.0734988 -0.886394 0.456596
1701506512.811518192 67.3054 -371.564 24.0174 -0.0201277 -0.0722314 -0.886689 0.456245
1701506513.820248127 66.7441 -372.373 24.1038 -0.0201092 -0.071267 -0.887423 0.454969
1701506514.828975677 66.193 -373.18 24.1997 -0.0187009 -0.0709733 -0.887904 0.454135
1701506515.837701321 65.6477 -373.977 24.2852 -0.0191433 -0.0709045 -0.888191 0.453566
1701506516.846446514 65.0921 -374.733 24.373 -0.0216983 -0.0699198 -0.879076 0.471026
1701506517.855159283 64.6655 -375.571 24.4692 -0.0224384 -0.0695021 -0.868444 0.490378
1701506518.863881111 64.2212 -376.384 24.5605 -0.0246105 -0.0690841 -0.850574 0.520717
1701506519.872611046 63.8908 -377.23 24.6647 -0.0319601 -0.0696225 -0.826184 0.558168
1701506520.881333113 63.5572 -378.143 24.7884 -0.0319188 -0.0692204 -0.81908 0.568593
1701506521.890076637 63.242 -379.073 24.915 -0.0294273 -0.0671533 -0.819167 0.56885
1701506522.898804665 62.942 -379.995 25.0109 -0.0227381 -0.0630709 -0.815215 0.575265
1701506523.907526970 62.6601 -380.887 25.1185 -0.0267269 -0.0661437 -0.806038 0.587548
1701506524.916246891 62.4128 -381.853 25.2278 -0.0269474 -0.0655648 -0.799562 0.596386
1701506525.924958706 62.1838 -382.757 25.3377 -0.0266476 -0.0647436 -0.779875 0.622008
1701506526.933681726 62.0082 -383.697 25.4497 -0.0250061 -0.0646546 -0.758324 0.648181
1701506527.942412853 61.9392 -384.617 25.5584 -0.0216193 -0.0617873 -0.738255 0.671337
1701506528.951135159 61.8915 -385.598 25.6581 -0.0207648 -0.0606101 -0.737866 0.6719
1701506529.959863901 61.8297 -386.578 25.7711 -0.0181693 -0.0554966 -0.737756 0.672537
1701506530.968580723 61.7601 -387.572 25.852 -0.0152465 -0.0549403 -0.738719 0.671597
1701506531.977303743 61.7084 -388.56 25.9324 -0.0135216 -0.0554077 -0.73919 0.671078
1701506532.986023664 61.6224 -389.564 26.0173 -0.00377376 -0.0527301 -0.739279 0.671321
1701506533.994753838 61.5884 -390.514 26.0981 -0.0117755 -0.0545424 -0.731284 0.679787
1701506535.003489733 61.6048 -391.439 26.177 -0.0148999 -0.0546316 -0.706079 0.705866
1701506536.012190342 61.6407 -392.411 26.2779 -0.0143167 -0.0514693 -0.690821 0.721049
1701506537.020934343 61.7124 -393.392 26.3568 -0.0158531 -0.0546964 -0.690556 0.721034
1701506538.029642105 61.7951 -394.345 26.4561 -0.0147297 -0.0505403 -0.696301 0.715817
1701506539.038364410 61.8275 -395.322 26.5277 -0.0143093 -0.0452325 -0.697016 0.715484
1701506540.047087669 61.863 -396.323 26.609 -0.0132627 -0.0441716 -0.697577 0.715024
1701506541.055819750 61.9245 -397.293 26.6784 -0.0130641 -0.0449848 -0.697796 0.714763
1701506542.064515591 61.9927 -398.273 26.7601 -0.0154925 -0.0468179 -0.698483 0.713925
1701506543.073262453 62.0678 -399.277 26.8412 -0.0120649 -0.0446864 -0.699402 0.713229
1701506544.081989765 62.0823 -400.257 26.915 -0.0118653 -0.0461022 -0.699549 0.712997
1701506545.090696812 62.1381 -401.255 26.9892 -0.0158533 -0.0474591 -0.699869 0.712516
1701506546.099404812 62.1857 -402.212 27.0713 -0.0168671 -0.0483147 -0.700457 0.711858
1701506547.108140707 62.2345 -403.199 27.1578 -0.0167185 -0.0477086 -0.701498 0.710876
1701506548.116836548 62.275 -404.188 27.2296 -0.0167364 -0.0471754 -0.701872 0.710542
1701506549.125576019 62.331 -405.149 27.3193 -0.0173858 -0.0478245 -0.696173 0.716068
1701506550.134310007 62.3756 -406.127 27.3981 -0.0145966 -0.0458079 -0.697507 0.714964
1701506551.143025160 62.414 -407.117 27.4729 -0.0139176 -0.0471102 -0.698497 0.713925
1701506552.151727438 62.4751 -408.057 27.5585 -0.0167673 -0.0490815 -0.687076 0.724732
1701506553.160432816 62.5809 -409.042 27.6387 -0.0156504 -0.0484244 -0.68653 0.725319
1701506554.169175625 62.6936 -410.007 27.7254 -0.0203501 -0.0483259 -0.678653 0.732585
1701506555.177864075 62.8137 -410.997 27.8126 -0.0231356 -0.0468974 -0.678734 0.73252
1701506556.186623573 62.9101 -411.98 27.9046 -0.0237999 -0.0461552 -0.679085 0.73222
1701506557.195318699 63.0445 -412.914 28.0049 -0.0252241 -0.0420561 -0.661084 0.748708
1701506558.204031467 63.2463 -413.78 28.0711 -0.0276885 -0.0413169 -0.616466 0.785809
1701506559.212755203 63.5025 -414.714 28.1558 -0.0316431 -0.0418618 -0.61373 0.78777
1701506560.221454620 63.8163 -415.627 28.2458 -0.0335035 -0.0373377 -0.593963 0.802927
1701506561.230171680 64.1324 -416.496 28.3231 -0.0361077 -0.0317247 -0.565868 0.823094
1701506562.238903761 64.535 -417.355 28.3992 -0.0366826 -0.032244 -0.537855 0.841621
1701506563.247619152 64.9783 -418.208 28.4865 -0.0383924 -0.0327601 -0.536968 0.842091
1701506564.256317616 65.3774 -419.08 28.5692 -0.0406506 -0.0363483 -0.523473 0.850296
1701506565.265053749 65.9248 -419.761 28.6489 -0.0395174 -0.0318424 -0.465251 0.883723
1701506566.273758888 66.4952 -420.443 28.7193 -0.0446954 -0.0315483 -0.405744 0.912348
1701506567.282470226 67.1806 -421.14 28.8156 -0.0452571 -0.0324807 -0.400288 0.914695
1701506568.291179180 67.8653 -421.843 28.9014 -0.0467459 -0.0375808 -0.401071 0.914081
1701506569.299939871 68.5469 -422.538 29.0034 -0.0448819 -0.0391195 -0.40132 0.914001
1701506570.308603764 69.2331 -423.255 29.0972 -0.0429674 -0.042091 -0.401117 0.91405
1701506571.317320824 69.9233 -423.953 29.1926 -0.0442651 -0.0403845 -0.392703 0.917711
1701506572.326033115 70.624 -424.619 29.3062 -0.0447952 -0.0444196 -0.392727 0.917489
1701506573.334753752 71.3144 -425.31 29.4064 -0.0458132 -0.0447871 -0.392899 0.917347
1701506574.343470335 72.0026 -425.982 29.5071 -0.0464201 -0.043386 -0.393762 0.917014
1701506575.352192402 72.7012 -426.674 29.6228 -0.0457306 -0.0437057 -0.39422 0.916837
1701506576.360918045 73.3995 -427.359 29.7239 -0.0472606 -0.043943 -0.395577 0.916163
1701506577.369600773 74.1001 -428.042 29.8328 -0.0479154 -0.0450021 -0.397494 0.915247
1701506578.378324032 74.7897 -428.748 29.9421 -0.0476748 -0.0456033 -0.397649 0.915163
1701506579.387029171 75.4693 -429.443 30.0505 -0.0472899 -0.0503029 -0.398233 0.914682
1701506580.395735025 76.1404 -430.148 30.1665 -0.0469561 -0.051037 -0.39902 0.914316
1701506581.404459953 76.8117 -430.822 30.2996 -0.0456959 -0.0557643 -0.399986 0.913681
1701506582.413168669 77.4961 -431.503 30.4225 -0.0479166 -0.059398 -0.400256 0.91322
1701506583.421877861 78.1938 -432.216 30.5547 -0.0477979 -0.0509178 -0.401718 0.913097
1701506584.430593014 78.8594 -432.896 30.6769 -0.0492003 -0.0540788 -0.402919 0.912311
1701506585.439311504 79.5288 -433.602 30.7968 -0.0496897 -0.0551622 -0.404403 0.911563
1701506586.448004723 80.2086 -434.309 30.9374 -0.0504202 -0.0578903 -0.405081 0.911052
1701506587.456722736 80.8916 -434.995 31.064 -0.0506857 -0.057881 -0.423495 0.902626
1701506588.465434074 81.4896 -435.726 31.1978 -0.0514751 -0.0560968 -0.43651 0.896472
1701506589.474138260 82.0221 -436.457 31.3205 -0.0482952 -0.0600571 -0.484667 0.871297
1701506590.482865810 82.5351 -437.288 31.4676 -0.0500194 -0.0563202 -0.487503 0.869866
1701506591.491559982 83.0394 -438.11 31.5929 -0.0506426 -0.0566676 -0.491347 0.867642
1701506592.500297070 83.5095 -438.892 31.7177 -0.0484337 -0.0602792 -0.531022 0.843823
1701506593.508977652 83.9471 -439.752 31.861 -0.0488798 -0.060514 -0.53293 0.842576
1701506594.517688751 84.3812 -440.615 32.005 -0.0491432 -0.0613443 -0.533391 0.842209
1701506595.526401043 84.8036 -441.497 32.1456 -0.049478 -0.0622393 -0.534557 0.841384
1701506596.535106182 85.2493 -442.364 32.2887 -0.049444 -0.0631634 -0.538858 0.838569
1701506597.543825626 85.6837 -443.226 32.4303 -0.0498953 -0.064892 -0.53977 0.837823
1701506598.552546978 86.09 -444.087 32.5776 -0.0504882 -0.0660955 -0.541368 0.836662
1701506599.561228752 86.5186 -444.972 32.7275 -0.0509682 -0.066595 -0.542103 0.836117
1701506600.569954872 86.9512 -445.844 32.8828 -0.0511325 -0.0673027 -0.543229 0.835319
1701506601.578652859 87.3514 -446.697 33.0401 -0.0527788 -0.0667175 -0.523374 0.847846
1701506602.587363958 87.8305 -447.529 33.1866 -0.0548935 -0.0655575 -0.501972 0.860647
1701506603.596069813 88.1859 -448.26 33.3108 -0.0508588 -0.0701341 -0.558981 0.824642
1701506604.604787350 88.5951 -449.194 33.477 -0.0490572 -0.0715375 -0.581558 0.808867
1701506605.613492727 88.8646 -450.025 33.6208 -0.0482431 -0.073174 -0.595238 0.798755
1701506606.622187614 89.1378 -450.916 33.7761 -0.0463941 -0.0758993 -0.621306 0.778502
1701506607.630910635 89.4333 -451.537 33.9007 -0.0655043 -0.0604024 -0.382755 0.919543
1701506608.639608860 89.7982 -451.822 33.9616 -0.0552375 -0.0698028 -0.520552 0.849177
1701506609.648313284 90.0067 -452.595 34.0984 -0.0431338 -0.0789611 -0.657672 0.747912
1701506610.657029152 90.0784 -453.403 34.2302 -0.0339365 -0.0837721 -0.740697 0.665732
1701506611.665731907 89.9739 -454.22 34.3456 -0.0324826 -0.0847603 -0.757936 0.645983
1701506612.674426556 89.7719 -455.073 34.4653 -0.0265048 -0.087034 -0.805089 0.586136
1701506613.683143616 89.4857 -455.929 34.5978 -0.0260401 -0.0881524 -0.813893 0.573699
1701506614.691840410 89.2215 -456.86 34.7246 -0.026763 -0.0881732 -0.814757 0.572433
1701506615.700561047 88.9094 -457.785 34.8563 -0.0277121 -0.0878462 -0.814936 0.572183
1701506616.709273815 88.5975 -458.836 34.9811 -0.0298957 -0.0822466 -0.791093 0.605404
1701506617.717958212 88.3476 -459.747 35.0768 -0.0241545 -0.0710291 -0.785345 0.614495
1701506618.726659536 88.1475 -460.701 35.2302 -0.023508 -0.0680852 -0.774567 0.628378
1701506619.735365391 87.9803 -461.608 35.3252 -0.0250058 -0.0692197 -0.767713 0.636553
1701506620.744071007 87.8396 -462.59 35.4579 -0.0236363 -0.0668791 -0.748948 0.658822
1701506621.752769947 87.7517 -463.403 35.5369 -0.0279247 -0.0683065 -0.72433 0.685493
1701506622.761477470 87.7901 -464.339 35.6681 -0.0323799 -0.0679159 -0.690892 0.719032
1701506623.770191431 87.859 -465.372 35.802 -0.0322612 -0.0679508 -0.690847 0.719077
1701506624.778929710 87.9225 -466.35 35.9437 -0.0312804 -0.0673742 -0.69222 0.717854
1701506625.787590504 87.9885 -467.326 36.0693 -0.0322664 -0.0682477 -0.692167 0.717779
1701506626.796288252 88.0516 -468.318 36.201 -0.0321127 -0.068712 -0.693244 0.716701
1701506627.804994822 88.0987 -469.297 36.3318 -0.0318964 -0.0692824 -0.693686 0.716228
1701506628.813703537 88.1517 -470.274 36.4661 -0.0301754 -0.0696918 -0.694374 0.715596
1701506629.822398663 88.2088 -471.22 36.6 -0.026746 -0.0694051 -0.695362 0.7148
1701506630.831100941 88.2744 -472.232 36.7094 -0.0277287 -0.0701445 -0.696808 0.713281
1701506631.839799404 88.2977 -473.162 36.8305 -0.030235 -0.071721 -0.685727 0.723685
1701506632.848502874 88.4523 -474.112 36.9716 -0.0303091 -0.0705576 -0.67263 0.735983
1701506633.857214451 88.5873 -475.057 37.1043 -0.0341358 -0.069895 -0.664717 0.743035
1701506634.865921021 88.7015 -475.987 37.2226 -0.0356322 -0.0695027 -0.639803 0.76456
1701506635.874615908 88.9486 -476.891 37.3507 -0.0370069 -0.0683634 -0.601045 0.795426
1701506636.883330345 89.3043 -477.778 37.4984 -0.0372562 -0.0687343 -0.586689 0.80603
1701506637.892023563 89.6485 -478.606 37.6338 -0.0396467 -0.0682354 -0.552791 0.829575
1701506638.900726795 90.1071 -479.435 37.7735 -0.0436996 -0.0667273 -0.501424 0.861517
1701506639.909427166 90.6091 -480.254 37.9157 -0.0439627 -0.066904 -0.501915 0.861204
1701506640.918122530 91.1174 -481.065 38.0709 -0.0449454 -0.0677137 -0.494031 0.865637
1701506641.926829815 91.6556 -481.839 38.2006 -0.0495279 -0.0663347 -0.447278 0.890555
1701506642.935523510 92.2536 -482.478 38.3394 -0.0528703 -0.0645572 -0.400862 0.912331
1701506643.944222927 92.9647 -483.146 38.4917 -0.0536355 -0.0649277 -0.393633 0.915402
1701506644.952941895 93.6297 -483.724 38.6209 -0.0574264 -0.0634556 -0.350743 0.932553
1701506645.961618900 94.3556 -484.256 38.7574 -0.0605464 -0.0616358 -0.304778 0.948497
1701506646.970325232 95.0698 -484.553 38.8577 -0.0648667 -0.0593462 -0.248801 0.964556
1701506647.979031086 95.7948 -484.874 38.9828 -0.06886 -0.0560505 -0.188946 0.977965
1701506648.987735748 96.6545 -485.059 39.1061 -0.0736127 -0.0520416 -0.11655 0.989085
1701506649.996427536 97.6001 -485.173 39.2065 -0.0757013 -0.0511108 -0.0900089 0.991744
1701506651.005128145 98.5552 -485.366 39.2879 -0.0937653 -0.0540044 -0.0458369 0.993071
1701506652.013829708 99.5011 -485.385 39.4339 -0.0951098 -0.0553908 -0.0325199 0.993392
1701506653.022524834 100.476 -485.398 39.5047 -0.093802 -0.0518571 0.0044058 0.99423
1701506654.031225204 101.378 -485.344 39.6035 -0.0941264 -0.0518633 0.0222572 0.993959
1701506655.039919853 102.369 -485.261 39.691 -0.0930872 -0.0530595 0.0212447 0.994016
1701506656.048623323 103.368 -485.145 39.7637 -0.0927977 -0.0535512 0.0206698 0.994029
1701506657.057315350 104.318 -485.053 39.8418 -0.0921763 -0.0548478 0.019508 0.99404
1701506658.066015482 105.305 -484.994 39.9372 -0.0918796 -0.0559588 0.018454 0.994025
1701506659.074717760 106.268 -484.918 40.0302 -0.0918247 -0.0559679 0.0252681 0.99388
1701506660.083419800 107.244 -484.822 40.1079 -0.0922681 -0.0564495 0.0237548 0.993849
1701506661.092114925 108.228 -484.711 40.1893 -0.0924073 -0.0575597 0.023495 0.993779
1701506662.100805998 109.238 -484.648 40.2838 -0.0927057 -0.0578068 0.0229603 0.993749
1701506663.109510899 110.21 -484.578 40.3878 -0.0926529 -0.0581275 0.0225189 0.993745
1701506664.118201971 111.172 -484.514 40.4981 -0.0920859 -0.0594742 0.0215814 0.993739
1701506665.126904249 112.15 -484.44 40.5888 -0.0922388 -0.0609203 0.0211999 0.993645
1701506666.135608196 113.121 -484.367 40.685 -0.0925624 -0.0617594 0.0200612 0.993587
1701506667.144296646 114.107 -484.286 40.7839 -0.0932508 -0.0615116 0.029187 0.993312
1701506668.153012753 115.055 -484.17 40.8916 -0.0934154 -0.0614072 0.0317727 0.993224
1701506669.161705017 116.006 -484.052 40.9834 -0.0923531 -0.0611774 0.0306284 0.993373
1701506670.170384884 117.007 -483.965 41.081 -0.0920258 -0.0606652 0.0303915 0.993442
1701506671.179085493 117.987 -483.865 41.1646 -0.0907295 -0.059817 0.0297648 0.993632
1701506672.187774897 118.976 -483.769 41.2585 -0.0901117 -0.0611847 0.0278854 0.993659
1701506673.196479797 119.933 -483.684 41.3481 -0.0899751 -0.0616054 0.0278292 0.993647
1701506674.205174923 120.915 -483.571 41.4541 -0.0898972 -0.0606342 0.0273448 0.993727
1701506675.213886023 121.914 -483.498 41.5637 -0.0898949 -0.0612675 0.0269681 0.993699
1701506676.222559452 122.842 -483.386 41.6505 -0.0911438 -0.062047 0.0344606 0.993305
1701506677.231265545 123.804 -483.282 41.749 -0.0912122 -0.061667 0.0478835 0.992766
1701506678.239972115 124.757 -483.144 41.8566 -0.0899443 -0.0613215 0.0465168 0.992968
1701506679.248678207 125.702 -483.025 41.9523 -0.0907099 -0.0600926 0.0553617 0.99252
1701506680.257342815 126.598 -482.86 42.0292 -0.0930001 -0.0566458 0.100252 0.988985
1701506681.266047478 127.547 -482.581 42.1024 -0.092415 -0.0568701 0.105867 0.988442
1701506682.274741650 128.483 -482.34 42.1773 -0.0922227 -0.0569641 0.105877 0.988453
1701506683.283440113 129.431 -482.111 42.2586 -0.0919323 -0.0580717 0.10419 0.988595
1701506684.292128563 130.385 -481.869 42.338 -0.0898858 -0.0588792 0.103709 0.988786
1701506685.300819874 131.265 -481.792 42.4373 -0.0857298 -0.0672152 0.0301512 0.993591
1701506686.309513569 132.158 -481.696 42.5353 -0.0831037 -0.0693037 -0.00340308 0.994122
1701506687.318223476 133.135 -481.662 42.6541 -0.0819988 -0.0650416 -0.0127926 0.994426
1701506688.326910973 134.11 -481.659 42.7615 -0.0820231 -0.0644916 -0.0137304 0.994447
1701506689.335617065 135.066 -481.661 42.8871 -0.0817408 -0.06533 -0.0157355 0.994386
1701506690.344304562 136.05 -481.645 42.9908 -0.0815126 -0.0650105 -0.0171661 0.994402
1701506691.353006840 137.027 -481.648 43.1163 -0.0812587 -0.0676494 -0.0182782 0.994227
1701506692.361703157 138.034 -481.639 43.2265 -0.0820045 -0.0591166 -0.0201468 0.994673
1701506693.370376110 138.97 -481.651 43.3111 -0.0810646 -0.0599358 -0.0210592 0.994682
1701506694.379080296 139.966 -481.654 43.4347 -0.0807571 -0.0594903 -0.0215981 0.994722
1701506695.387770414 140.952 -481.677 43.5341 -0.0821629 -0.0550787 -0.0241105 0.994804
1701506696.396472454 141.959 -481.671 43.6292 -0.0848058 -0.0488925 -0.0243191 0.9949
1701506697.405149937 142.925 -481.679 43.7101 -0.0827108 -0.0438042 -0.02396 0.995322
1701506698.413855076 143.844 -481.635 43.7647 -0.0853401 -0.0412031 0.0140787 0.9954
1701506699.422552586 144.811 -481.567 43.8362 -0.0852173 -0.0420045 0.0139691 0.995379
1701506700.431235790 145.794 -481.519 43.9061 -0.0846561 -0.0421279 0.0144837 0.995414
1701506701.439929962 146.733 -481.451 43.9739 -0.0845049 -0.042399 0.0138343 0.995424
1701506702.448623896 147.697 -481.412 44.0377 -0.0844458 -0.0388771 0.0470932 0.994555
1701506703.457313538 148.571 -481.195 44.0678 -0.0853275 -0.0323051 0.10323 0.990464
1701506704.466001034 149.533 -480.933 44.1082 -0.086109 -0.0317092 0.104381 0.990295
1701506705.474700451 150.492 -480.704 44.129 -0.0873767 -0.0303345 0.102954 0.990377
1701506706.483377218 151.434 -480.464 44.1558 -0.0884323 -0.0318912 0.101969 0.990336
1701506707.492076397 152.36 -480.212 44.1789 -0.090559 -0.029309 0.12508 0.98757
1701506708.500765085 153.3 -479.927 44.1984 -0.0928122 -0.0266113 0.142503 0.985074
1701506709.509457588 154.23 -479.621 44.2063 -0.0914046 -0.0307334 0.146411 0.984512
1701506710.518157482 155.124 -479.246 44.2192 -0.0940981 -0.0278873 0.183178 0.978169
1701506711.526839256 155.951 -478.855 44.2137 -0.0946659 -0.0268205 0.221614 0.970158
1701506712.535544872 156.757 -478.411 44.2099 -0.094225 -0.0245497 0.270456 0.957796
1701506713.544213533 157.474 -477.896 44.188 -0.0895606 -0.0243659 0.328681 0.939869
1701506714.552912474 158.087 -477.297 44.1642 -0.0907696 -0.0150092 0.393285 0.914802
1701506715.561595917 158.568 -476.608 44.1007 -0.0907452 -0.0123148 0.456261 0.885121
1701506716.570284843 159.079 -475.883 44.0243 -0.09216 -0.0053614 0.505766 0.857717
1701506717.578983307 159.352 -475.107 43.9381 -0.0914817 0.00142853 0.578399 0.810607
1701506718.587675095 159.592 -474.166 43.8179 -0.090333 0.00495884 0.597377 0.796841
1701506719.596383810 159.823 -473.29 43.7127 -0.0826341 -0.0012094 0.609148 0.788739
1701506720.605057240 160.024 -472.343 43.6018 -0.0808566 -0.000281575 0.62098 0.779645
1701506721.613741159 160.143 -471.422 43.4889 -0.0811574 0.00513424 0.652942 0.75303
1701506722.622425079 160.285 -470.476 43.3589 -0.0822977 0.00824997 0.674964 0.7332
1701506723.631200790 160.32 -469.533 43.239 -0.078916 0.00451981 0.682732 0.726381
1701506724.639809132 160.344 -468.565 43.1083 -0.0794091 0.0039307 0.682402 0.72664
1701506725.648493767 160.399 -467.607 42.9821 -0.0774847 0.00147947 0.681954 0.727278
1701506726.657208681 160.416 -466.635 42.8696 -0.0786344 0.00146046 0.681499 0.727581
1701506727.665873289 160.468 -465.678 42.7512 -0.0788586 -0.00023269 0.683564 0.725618
1701506728.674577236 160.475 -464.769 42.6437 -0.0756907 0.000725531 0.706448 0.703706
1701506729.683250904 160.401 -463.855 42.5159 -0.0749526 0.00474027 0.728514 0.680902
1701506730.691954136 160.271 -462.859 42.393 -0.0761672 0.00796886 0.737243 0.671273
1701506731.700631142 160.204 -461.905 42.2611 -0.0773359 0.00671349 0.732732 0.676075
1701506732.709333420 160.106 -460.958 42.1373 -0.0777648 0.00536434 0.720765 0.688783
1701506733.718008041 160.047 -460.001 42.0015 -0.0769052 0.00369477 0.720638 0.689023
1701506734.726713657 159.978 -459.044 41.8764 -0.0772111 0.00380587 0.719867 0.689793
1701506735.735401630 159.916 -458.11 41.7625 -0.0791149 0.00382062 0.719445 0.690019
1701506736.744068623 159.853 -457.177 41.6324 -0.0775818 0.00283243 0.718477 0.691205
1701506737.752778530 159.806 -456.254 41.5229 -0.0787779 0.00414546 0.717632 0.69194
1701506738.761460304 159.749 -455.331 41.3947 -0.0781219 0.00420272 0.716732 0.692946
1701506739.770153999 159.714 -454.412 41.2705 -0.0768876 0.00485636 0.716002 0.693835
1701506740.778833389 159.66 -453.475 41.1481 -0.0766064 0.00281731 0.715516 0.694377
1701506741.787560940 159.596 -452.516 41.0344 -0.0759762 0.00124158 0.715271 0.694704
1701506742.796219587 159.559 -451.541 40.9093 -0.0741636 -0.000115619 0.714662 0.695527
1701506743.804896832 159.499 -450.527 40.7991 -0.0752871 0.00738044 0.712619 0.697461
1701506744.813577652 159.474 -449.577 40.661 -0.0736997 0.00449498 0.712164 0.698119
1701506745.822283745 159.41 -448.637 40.5486 -0.0719194 0.00774488 0.728633 0.681074
1701506746.830958843 159.298 -447.74 40.4277 -0.0738279 0.0122439 0.742508 0.665643
1701506747.839639187 159.159 -446.77 40.2872 -0.075582 0.0145546 0.742125 0.665827
1701506748.848337889 159.031 -445.822 40.1346 -0.0775912 0.0168446 0.74214 0.665525
1701506749.857030153 158.912 -444.868 39.9932 -0.0794732 0.019489 0.740843 0.666675
1701506750.865731478 158.789 -443.895 39.8299 -0.0826575 0.0239416 0.740158 0.666904
1701506751.874383450 158.657 -442.916 39.6564 -0.0854597 0.0251641 0.738769 0.668045
1701506752.883072853 158.556 -441.963 39.4993 -0.0841888 0.0255147 0.737682 0.669393
1701506753.891759396 158.462 -441.014 39.3247 -0.084943 0.0252813 0.728108 0.679709
1701506754.900449276 158.381 -440.07 39.1639 -0.0891715 0.0292894 0.725138 0.682177
1701506755.909137011 158.306 -439.098 38.9934 -0.0876626 0.0277699 0.724758 0.68284
1701506756.917827129 158.245 -438.138 38.8276 -0.0872031 0.0291733 0.724355 0.683267
1701506757.926523924 158.166 -437.168 38.6425 -0.0859376 0.0293121 0.723199 0.684645
1701506758.935208797 158.097 -436.201 38.4714 -0.0860834 0.0290917 0.722352 0.68553
1701506759.943875313 158.014 -435.242 38.2973 -0.0858853 0.0278576 0.722148 0.685821
1701506760.952565432 157.941 -434.307 38.1354 -0.0845916 0.0264737 0.718048 0.690326
1701506761.961248398 157.924 -433.354 37.968 -0.0884512 0.0237139 0.703659 0.704612
1701506762.969929695 157.898 -432.39 37.8077 -0.0873542 0.0220582 0.702331 0.706126
1701506763.978624821 157.885 -431.423 37.649 -0.0879869 0.0210466 0.701294 0.707108
1701506764.987305641 157.877 -430.448 37.4797 -0.090198 0.0210528 0.7006 0.707517
1701506765.995988369 157.864 -429.465 37.3089 -0.0915299 0.019412 0.699997 0.70799
1701506767.004689693 157.87 -428.503 37.1422 -0.0940045 0.0202104 0.699651 0.707985
1701506768.013361692 157.867 -427.53 36.9636 -0.0948581 0.0230639 0.698332 0.709086
1701506769.022042274 157.864 -426.571 36.7932 -0.0937026 0.0216935 0.697451 0.710149
1701506770.030749083 157.867 -425.608 36.6272 -0.0947476 0.0224323 0.696554 0.710867
1701506771.039413929 157.848 -424.662 36.4499 -0.0948882 0.0225028 0.709024 0.698409
1701506772.048094988 157.821 -423.724 36.286 -0.0930548 0.0206998 0.710271 0.697443
1701506773.056788206 157.776 -422.751 36.1014 -0.0953671 0.0238257 0.70817 0.699165
1701506774.065474033 157.749 -421.781 35.9318 -0.095047 0.0220385 0.707814 0.699629
1701506775.074151993 157.729 -420.83 35.763 -0.0949709 0.021609 0.707435 0.700035
1701506776.082853317 157.677 -419.85 35.5864 -0.0986183 0.0226755 0.706165 0.700779
1701506777.091533661 157.65 -418.898 35.4121 -0.10067 0.0218721 0.708119 0.698538
1701506778.100206375 157.599 -417.957 35.227 -0.0984059 0.0247897 0.723919 0.68238
1701506779.108890057 157.521 -416.982 35.0378 -0.0975054 0.0243414 0.727486 0.678722
1701506780.117568970 157.433 -416.022 34.8623 -0.0959558 0.021082 0.727138 0.679425
1701506781.126254559 157.356 -415.065 34.6803 -0.097692 0.0218916 0.726531 0.679801
1701506782.134940147 157.288 -414.102 34.5012 -0.0990204 0.0221793 0.725699 0.680488
1701506783.143629074 157.197 -413.142 34.3168 -0.099822 0.0233048 0.725097 0.680975
1701506784.152305365 157.099 -412.214 34.1404 -0.0971213 0.0253847 0.735163 0.670417
1701506785.160984993 156.974 -411.28 33.959 -0.0953078 0.0271152 0.742775 0.662169
1701506786.169674397 156.842 -410.329 33.7653 -0.0950047 0.0280016 0.742226 0.66279
1701506787.178356647 156.721 -409.387 33.5893 -0.0940907 0.0269366 0.741679 0.663576
1701506788.187045574 156.598 -408.438 33.406 -0.0941926 0.0284993 0.740893 0.664375
1701506789.195720434 156.467 -407.48 33.227 -0.0938197 0.029844 0.740086 0.665267
1701506790.204428434 156.356 -406.523 33.0352 -0.0933067 0.0291952 0.740152 0.665294
1701506791.213089466 156.24 -405.572 32.8491 -0.0920862 0.0299302 0.739496 0.66616
1701506792.221788883 156.183 -404.674 32.6776 -0.0954488 0.0268445 0.71189 0.695256
1701506793.230450153 156.135 -403.727 32.5043 -0.0937261 0.0253863 0.703858 0.703672
1701506794.239140511 156.112 -402.742 32.3167 -0.0953397 0.0257176 0.702258 0.705041
1701506795.247855186 156.081 -401.817 32.146 -0.0926407 0.0252322 0.711764 0.695825
1701506796.256514072 156.044 -400.841 31.9756 -0.0942311 0.0266776 0.713478 0.6938
1701506797.265198231 155.973 -399.912 31.7932 -0.0966762 0.0300155 0.733784 0.671798
1701506798.273863316 155.859 -398.967 31.6056 -0.0976129 0.0294339 0.734861 0.67051
1701506799.282564640 155.76 -398.02 31.4239 -0.0952905 0.0266528 0.734551 0.6713
1701506800.291233063 155.647 -397.049 31.2387 -0.094827 0.0269359 0.733373 0.672641
1701506801.299906492 155.54 -396.087 31.0584 -0.0936274 0.0251167 0.732391 0.673948
1701506802.308607340 155.452 -395.135 30.8785 -0.093865 0.0267155 0.731921 0.674364
1701506803.317277908 155.35 -394.184 30.698 -0.0950041 0.0290504 0.731141 0.674954
1701506804.325951576 155.255 -393.219 30.5073 -0.0963249 0.0277424 0.73025 0.675786
1701506805.334643364 155.172 -392.253 30.3256 -0.098053 0.0261083 0.729553 0.676356
1701506806.343322039 155.074 -391.309 30.1376 -0.0961897 0.0253583 0.728906 0.677348
1701506807.351998329 154.997 -390.345 29.9597 -0.0960359 0.0255671 0.727611 0.678753
1701506808.360681295 154.911 -389.375 29.7684 -0.0950947 0.0254692 0.727139 0.679395
1701506809.369391441 154.828 -388.425 29.5932 -0.0988646 0.0260533 0.726065 0.679982
1701506810.378037930 154.738 -387.481 29.4195 -0.0953934 0.0248678 0.725244 0.681398
1701506811.386729002 154.66 -386.527 29.2391 -0.0944529 0.0214817 0.724769 0.682149
1701506812.395416260 154.58 -385.538 29.0575 -0.0942381 0.0231763 0.723667 0.683292
1701506813.404087782 154.504 -384.558 28.8776 -0.094147 0.0225954 0.723108 0.683916
1701506814.412767410 154.435 -383.605 28.6976 -0.0948568 0.0235042 0.721924 0.685036
1701506815.421451569 154.362 -382.643 28.5214 -0.095683 0.0267919 0.720161 0.686655
1701506816.430141926 154.308 -381.688 28.3366 -0.0959913 0.0287126 0.719632 0.687088
1701506817.438822031 154.25 -380.735 28.1575 -0.0938667 0.0269595 0.718655 0.688475
1701506818.447492838 154.193 -379.771 27.9785 -0.0943347 0.0266406 0.718659 0.688419
1701506819.456191063 154.127 -378.808 27.7857 -0.096635 0.0264376 0.718118 0.688672
1701506820.464905262 154.06 -377.851 27.6115 -0.0965514 0.0258204 0.717358 0.689499
1701506821.473535776 153.995 -376.891 27.4222 -0.0935265 0.0248321 0.716884 0.690445
1701506822.482224941 153.951 -375.928 27.2522 -0.0937607 0.0268612 0.715789 0.691472
1701506823.490894556 153.895 -374.974 27.0713 -0.0927513 0.0261666 0.715342 0.692097
1701506824.499572754 153.849 -373.941 26.8777 -0.0946486 0.0261028 0.714728 0.692476
1701506825.508249283 153.793 -373.009 26.7153 -0.091728 0.0233539 0.714717 0.69298
1701506826.516940594 153.753 -372.075 26.5404 -0.0914812 0.0216295 0.71423 0.69357
1701506827.525623798 153.71 -371.089 26.3691 -0.0920922 0.0216308 0.713632 0.694104
1701506828.534303665 153.661 -370.124 26.2016 -0.0967904 0.0230935 0.713163 0.6939
1701506829.542967796 153.623 -369.153 26.0178 -0.0994822 0.0234423 0.711915 0.694788
1701506830.551665783 153.575 -368.2 25.8346 -0.0990928 0.0244951 0.711698 0.69503
1701506831.560331345 153.531 -367.234 25.6588 -0.0980068 0.023655 0.711229 0.695693
1701506832.569015503 153.508 -366.286 25.4824 -0.0947227 0.0223549 0.710656 0.696775
1701506833.577722788 153.451 -365.324 25.3024 -0.100727 0.0257841 0.709804 0.696683
1701506834.586370468 153.433 -364.371 25.1203 -0.10015 0.0254439 0.708909 0.69769
1701506835.595052719 153.396 -363.395 24.9391 -0.0964378 0.0226995 0.709861 0.697339
1701506836.603785515 153.338 -362.425 24.7574 -0.0919756 0.0196907 0.715248 0.692512
1701506837.612415314 153.273 -361.463 24.6008 -0.0927917 0.0197446 0.72357 0.683701
1701506838.621086121 153.221 -360.508 24.4314 -0.0944337 0.018214 0.724007 0.683055
1701506839.629767418 153.124 -359.556 24.2621 -0.0996361 0.0220609 0.727469 0.678509
1701506840.638440371 153.035 -358.599 24.0727 -0.0989592 0.0240472 0.727199 0.67883
1701506841.647118330 152.972 -357.657 23.8901 -0.0979429 0.022469 0.733622 0.672087
1701506842.655796528 152.873 -356.737 23.7332 -0.102108 0.0300578 0.742617 0.661204
1701506843.664475203 152.711 -355.788 23.527 -0.0961159 0.0257167 0.741899 0.663089
1701506844.673159122 152.592 -354.835 23.3468 -0.0933801 0.0247248 0.741144 0.66436
1701506845.681828499 152.468 -353.886 23.1697 -0.0893269 0.0250367 0.740358 0.665781
1701506846.690510988 152.359 -352.934 23.0044 -0.0861206 0.0244573 0.739485 0.667193
1701506847.699197769 152.262 -351.981 22.8443 -0.0823789 0.0240892 0.738726 0.668519
1701506848.707868576 152.158 -350.986 22.6904 -0.0840486 0.0271901 0.737132 0.66995
1701506849.716545105 152.059 -350.023 22.5236 -0.0840084 0.0273188 0.736636 0.670496
1701506850.725238323 152.01 -349.581 22.4405 -0.0862922 0.0297932 0.736301 0.670468
1701506851.733910799 152.016 -349.586 22.444 -0.0863795 0.0296775 0.73645 0.670298
1701506852.742576122 152.01 -349.584 22.4408 -0.0865349 0.0298887 0.736213 0.670529
1701506853.751269817 152.022 -349.588 22.4425 -0.0862456 0.0297562 0.736231 0.670552
1701506854.759954453 152.019 -349.595 22.4409 -0.0864854 0.0302117 0.736311 0.670413
1701506855.768613815 152.017 -349.591 22.4414 -0.0865517 0.029991 0.736391 0.670327
1701506856.777298927 151.994 -349.239 22.3807 -0.0900853 -0.000754553 0.482969 0.870991
1701506857.785968304 152.326 -348.982 22.3768 -0.0892564 -0.014174 0.358532 0.929132
1701506858.794643641 152.771 -348.816 22.3931 -0.0812552 -0.0414122 0.0658818 0.993651
1701506859.803318262 153.624 -348.755 22.4509 -0.0836454 -0.037621 0.105613 0.990169
1701506860.812000275 154.4 -348.447 22.4767 -0.0929059 -0.0263694 0.240503 0.965832
1701506861.820675373 155.261 -348.002 22.4488 -0.0939669 -0.0276253 0.201868 0.974503
1701506862.829370022 155.982 -347.551 22.4169 -0.0955107 -0.0177612 0.29036 0.951973
1701506863.838029861 156.587 -347.017 22.381 -0.0958843 -0.00913178 0.400664 0.911148
1701506864.846707344 157.22 -346.347 22.3277 -0.0958627 -0.0106923 0.391215 0.91523
1701506865.855391026 157.837 -345.639 22.2639 -0.0945047 -0.0101031 0.444014 0.890965
1701506866.864067554 158.261 -344.916 22.154 -0.0907922 -0.0125931 0.476301 0.874491
1701506867.872768879 158.699 -344.25 22.1097 -0.0899992 -0.00109546 0.581763 0.808363
1701506868.881428242 158.751 -343.497 21.9995 -0.0875186 0.0099884 0.690104 0.718329
1701506869.890105009 158.752 -342.553 21.8389 -0.0790795 0.00626925 0.692037 0.71749
1701506870.898780823 158.622 -341.763 21.7751 -0.0707858 0.00443046 0.746667 0.661406
1701506871.907448769 158.468 -340.835 21.6415 -0.0729686 0.010685 0.7737 0.629246
1701506872.916119576 158.271 -339.901 21.5019 -0.0700255 0.0112833 0.772779 0.630699
1701506873.924816132 158.055 -338.95 21.3607 -0.0682772 0.00894257 0.772938 0.630734
1701506874.933469772 157.814 -338.019 21.2506 -0.0687245 0.00528678 0.774377 0.628959
1701506875.942150116 157.574 -337.026 21.1358 -0.0697572 0.0045435 0.774374 0.628855
1701506876.950825691 157.397 -336.228 21.0319 -0.0684178 0.0018976 0.769592 0.634857
1701506877.959498405 157.186 -335.276 20.9099 -0.0700923 0.00284336 0.769489 0.634795
1701506878.968172312 156.994 -334.358 20.7921 -0.0753475 0.00491921 0.770949 0.632406
1701506879.976850986 156.792 -333.445 20.6623 -0.071366 0.00465095 0.780946 0.620491
1701506880.985531092 156.52 -332.524 20.5333 -0.0725823 0.0055531 0.786547 0.613225
1701506881.994205475 156.266 -331.6 20.3992 -0.0790426 0.0119843 0.785036 0.614269
1701506883.002879143 156.022 -330.624 20.2378 -0.0835927 0.00758503 0.782051 0.617536
1701506884.011570930 155.76 -329.698 20.1 -0.0821395 0.00935012 0.780402 0.619789
1701506885.020232677 155.526 -328.727 19.9404 -0.0821377 0.0125103 0.779922 0.620337
1701506886.028918028 155.3 -327.807 19.7947 -0.0839607 0.0126132 0.775452 0.625673
1701506887.037607193 155.1 -326.926 19.6629 -0.0920256 0.00867445 0.759743 0.64362
1701506888.046264887 154.926 -325.938 19.4909 -0.0895272 0.0123203 0.757841 0.64615
1701506889.054935932 154.774 -324.999 19.3371 -0.0872035 0.015982 0.761807 0.641709
1701506890.063620090 154.568 -324.09 19.1644 -0.0889197 0.0198821 0.772971 0.627864
1701506891.072289944 154.351 -323.182 18.9908 -0.0814989 0.0196943 0.78267 0.616764
1701506892.080994129 154.085 -322.26 18.8329 -0.0853106 0.0209295 0.781295 0.61795
1701506893.089650869 153.833 -321.317 18.6688 -0.0867613 0.0218519 0.781613 0.617313
1701506894.098337650 153.608 -320.414 18.4788 -0.0943559 0.0145209 0.781569 0.61647
1701506895.106996059 153.342 -319.423 18.3102 -0.0899116 0.0177153 0.78026 0.618705
1701506896.115658760 153.09 -318.484 18.1407 -0.0878507 0.0161285 0.781054 0.618043
1701506897.124335527 152.867 -317.58 17.9796 -0.0933053 0.017023 0.77974 0.618878
1701506898.133010387 152.679 -316.667 17.803 -0.0869166 0.0116699 0.761136 0.642636
1701506899.141690254 152.499 -315.773 17.6623 -0.0885702 0.0123278 0.759989 0.643754
1701506900.150364399 152.309 -314.791 17.4973 -0.0910752 0.0201827 0.757641 0.645971
1701506901.159045696 152.154 -313.84 17.3229 -0.0904346 0.0166695 0.756048 0.648024
1701506902.167730808 151.977 -312.918 17.1699 -0.0847191 0.0201993 0.754272 0.65076
1701506903.176382065 151.811 -312.023 17.0096 -0.0863238 0.0233921 0.781961 0.616877
1701506904.185058594 151.512 -311.152 16.8499 -0.0849766 0.0151702 0.80104 0.592354
1701506905.193733692 151.195 -310.277 16.6866 -0.0903152 0.0139792 0.800168 0.592772
1701506906.202428818 150.989 -309.386 16.5311 -0.0964121 0.0075808 0.750757 0.653461
1701506907.211078167 150.858 -308.433 16.3541 -0.0907336 0.0134824 0.746548 0.658978
1701506908.219774246 150.737 -307.511 16.2343 -0.0870201 0.0106729 0.746894 0.659138
1701506909.228429794 150.56 -306.623 16.0557 -0.088327 0.0142958 0.773263 0.62774
1701506910.237105370 150.347 -305.705 15.8889 -0.0840403 0.0232642 0.7715 0.630225
1701506911.245779276 150.15 -304.766 15.7111 -0.0858468 0.0198049 0.771872 0.629644
1701506912.254464626 149.929 -303.803 15.5427 -0.0833963 0.018715 0.769958 0.632345
1701506913.263147354 149.728 -302.882 15.3878 -0.0779572 0.0261453 0.767898 0.635273
1701506914.271818161 149.523 -301.962 15.2416 -0.0733824 0.00745179 0.76912 0.634834
1701506915.280476809 149.309 -301.043 15.0944 -0.0665293 0.00334281 0.769179 0.635552
1701506916.289164305 149.073 -300.12 14.9868 -0.0691609 -0.00162857 0.758892 0.647531
1701506917.297838688 148.949 -299.17 14.8466 -0.0809804 0.0039333 0.743799 0.663468
1701506918.306513309 148.832 -298.198 14.7189 -0.0827626 0.004942 0.742012 0.66524
1701506919.315168142 148.694 -297.224 14.5769 -0.090144 0.00209038 0.742942 0.663254
1701506920.323844671 148.564 -296.291 14.4542 -0.0859559 -0.00267386 0.743759 0.662893
1701506921.332517862 148.438 -295.335 14.3035 -0.0886314 0.00598793 0.742606 0.663811
1701506922.341196775 148.301 -294.393 14.1725 -0.0903529 0.00083734 0.74207 0.664205
1701506923.349870205 148.182 -293.424 14.0008 -0.0940608 0.00556641 0.741239 0.664595
1701506924.358546495 148.045 -292.478 13.8534 -0.0929898 0.00088162 0.741199 0.664813
1701506925.367210150 147.933 -291.512 13.7051 -0.0909694 0.00316888 0.741074 0.665225
1701506926.375904083 147.813 -290.643 13.5997 -0.0887742 -0.00778359 0.712862 0.69562
1701506927.384575129 147.81 -289.637 13.4189 -0.0917574 0.00163342 0.709909 0.698289
1701506928.393238544 147.789 -288.713 13.3021 -0.0734226 -0.0131928 0.709239 0.70101
1701506929.401909113 147.761 -287.731 13.1714 -0.0972262 0.00517226 0.704031 0.703463
1701506930.410575151 147.737 -286.737 13.0229 -0.096771 0.00573478 0.703791 0.703762
1701506931.419248104 147.727 -285.795 12.8669 -0.0879379 0.00365508 0.702755 0.705967
1701506932.427941322 147.695 -284.838 12.7268 -0.0875474 0.00399294 0.702819 0.70595
1701506933.436588764 147.664 -283.887 12.6386 -0.0903292 -0.0133444 0.702685 0.705618
1701506934.445281029 147.678 -282.963 12.46 -0.0822495 -0.00237704 0.704592 0.704825
1701506935.454035759 147.667 -281.968 12.2849 -0.0894908 0.00824707 0.701303 0.707176
1701506936.462610960 147.675 -281.005 12.1546 -0.0849564 0.0114715 0.698201 0.71075
1701506937.471283436 147.666 -280.047 12.0204 -0.0824312 0.00785815 0.697744 0.711546
1701506938.479991674 147.671 -279.081 11.854 -0.0838701 0.018267 0.694988 0.713879
1701506939.488627195 147.684 -278.125 11.7428 -0.0788974 0.0108934 0.694712 0.714864
1701506940.497306824 147.686 -277.262 11.6151 -0.0772191 0.0187599 0.726378 0.682686
1701506941.505980492 147.53 -276.308 11.4378 -0.074438 0.0307418 0.752792 0.653314
1701506942.514648199 147.357 -275.35 11.2805 -0.0744447 0.0305892 0.758016 0.647251
1701506943.523340225 147.183 -274.424 11.163 -0.053644 0.0054264 0.759924 0.647772
1701506944.531994343 146.995 -273.458 10.9448 -0.0953802 0.0332331 0.753457 0.649692
1701506945.540660381 146.886 -272.578 10.7984 -0.0634222 0.00871497 0.73942 0.670194
1701506946.549348354 146.767 -271.59 10.664 -0.0721775 0.0166722 0.735934 0.672988
1701506947.558033705 146.662 -270.625 10.5202 -0.0769325 0.0200425 0.73555 0.672789
1701506948.566681862 146.538 -269.707 10.3674 -0.0729789 0.0191819 0.73384 0.675118
1701506949.575354099 146.46 -268.722 10.2336 -0.0761915 0.0239482 0.732414 0.676159
1701506950.584033012 146.351 -267.75 10.0759 -0.0780475 0.0252259 0.730951 0.677483
1701506951.592702866 146.255 -266.793 9.89957 -0.075952 0.021775 0.730341 0.678497
1701506952.601368666 146.155 -265.826 9.765 -0.0753962 0.0221794 0.730107 0.678799
1701506953.610038757 146.063 -264.846 9.6095 -0.0728996 0.0203405 0.730416 0.678796
1701506954.618718624 145.975 -263.922 9.47519 -0.0742148 0.0197792 0.726315 0.683057
1701506955.627389431 145.905 -262.943 9.32136 -0.072967 0.0174053 0.722399 0.687396
1701506956.636060715 145.836 -261.993 9.20594 -0.0680379 0.0166443 0.721235 0.68914
1701506957.644727707 145.763 -261.038 9.08036 -0.0672672 0.0147498 0.720781 0.689733
1701506958.653407574 145.708 -260.091 8.95876 -0.0730913 0.0162081 0.720218 0.689696
1701506959.662092924 145.64 -259.121 8.82318 -0.0705588 0.017358 0.718908 0.691297
1701506960.670762539 145.586 -258.152 8.67508 -0.0715912 0.0188796 0.717942 0.692154
1701506961.679410934 145.525 -257.179 8.5369 -0.0701479 0.0229719 0.716648 0.693518
1701506962.688101768 145.476 -256.209 8.40024 -0.0711815 0.0224593 0.716201 0.693892
1701506963.696763039 145.438 -255.262 8.26925 -0.0699397 0.0218236 0.715685 0.69457
1701506964.705431938 145.379 -254.299 8.12724 -0.0679984 0.0249383 0.720859 0.689287
1701506965.714119911 145.308 -253.309 7.9878 -0.0733774 0.0213976 0.722353 0.687288
1701506966.722770691 145.235 -252.36 7.84434 -0.0741606 0.0204269 0.721836 0.687776
1701506967.731467247 145.168 -251.384 7.69289 -0.0803849 0.0288698 0.719552 0.689166
1701506968.740117311 145.077 -250.455 7.55706 -0.0727639 0.0203563 0.733586 0.675384
1701506969.748786688 144.981 -249.523 7.41888 -0.0710427 0.0221069 0.736804 0.672
1701506970.757472515 144.871 -248.565 7.28104 -0.071883 0.0196923 0.735882 0.672995
1701506971.766128063 144.779 -247.608 7.13752 -0.0686869 0.020455 0.734668 0.674631
1701506972.774814129 144.664 -246.641 7.00342 -0.067144 0.0177501 0.73425 0.675317
1701506973.783471584 144.555 -245.646 6.87328 -0.0673386 0.0162345 0.733411 0.676247
1701506974.792154312 144.456 -244.714 6.7509 -0.0629881 0.0140789 0.732587 0.677606
1701506975.800815582 144.357 -243.764 6.64147 -0.0622678 0.0110973 0.732804 0.677494
1701506976.809498072 144.306 -242.839 6.52848 -0.0645338 0.0062151 0.710613 0.70059
1701506977.818160534 144.26 -241.844 6.40963 -0.0760974 0.0115035 0.709267 0.700726
1701506978.826827288 144.251 -240.888 6.2689 -0.0755808 0.011545 0.701438 0.708618
1701506979.835495472 144.311 -240.023 6.14988 -0.0818676 0.00617681 0.668987 0.738726
1701506980.844161987 144.388 -239.099 6.01917 -0.0777091 0.0081515 0.641602 0.763048
1701506981.852850914 144.531 -238.146 5.89265 -0.0793106 0.0106291 0.640391 0.763869
1701506982.861526012 144.701 -237.177 5.76462 -0.0811948 0.0117657 0.637883 0.765751
1701506983.870192766 144.848 -236.239 5.64167 -0.0809902 0.00916984 0.637887 0.765804
1701506984.878857613 144.976 -235.342 5.51506 -0.0798731 0.00999612 0.668417 0.739418
1701506985.887532949 144.977 -234.431 5.38525 -0.0843205 0.0102232 0.688937 0.719827
1701506986.896191597 145 -233.459 5.24376 -0.090654 0.0109896 0.687849 0.720086
1701506987.904858828 145.027 -232.469 5.08769 -0.0916372 0.0100928 0.673798 0.733142
1701506988.913528919 145.124 -231.542 4.94769 -0.0910851 0.00628359 0.657602 0.747813
1701506989.922205448 145.228 -230.587 4.81689 -0.0900802 0.00471673 0.65729 0.74822
1701506990.930868149 145.332 -229.634 4.6717 -0.095478 0.0032253 0.656973 0.747837
1701506991.939555645 145.422 -228.694 4.53771 -0.0991533 0.00441937 0.656263 0.747976
1701506992.948226929 145.531 -227.74 4.38546 -0.0998606 0.00522584 0.655965 0.748138
1701506993.956886768 145.634 -226.76 4.23495 -0.0959907 0.00628454 0.655137 0.749361
1701506994.965558529 145.764 -225.776 4.05935 -0.084761 0.00124022 0.653726 0.751968
1701506995.974221468 145.879 -224.825 3.93643 -0.0936653 0.00554233 0.652053 0.752345
1701506996.982893944 145.982 -223.883 3.79154 -0.0970001 0.00628573 0.63151 0.76925
1701506997.991570711 146.178 -222.995 3.65817 -0.0965779 0.00649249 0.622706 0.776445
1701506999.000238895 146.379 -222.025 3.52709 -0.0962945 0.00609467 0.622276 0.776829
1701507000.008897781 146.577 -221.04 3.37584 -0.0984479 0.00445594 0.632478 0.768283
1701507001.017568588 146.71 -220.12 3.22741 -0.0951062 0.00865386 0.641412 0.761229
1701507002.026238918 146.852 -219.171 3.08324 -0.0972795 0.00844005 0.64282 0.759768
1701507003.034909010 146.976 -218.222 2.92377 -0.0990514 0.0192109 0.654522 0.74928
1701507004.043595076 147.084 -217.269 2.76861 -0.0977982 0.014722 0.654997 0.749132
1701507005.052248001 147.198 -216.359 2.62442 -0.0909718 0.00809525 0.654433 0.750583
1701507006.060932636 147.318 -215.374 2.50073 -0.0893065 0.0111087 0.653721 0.751365
1701507007.069583654 147.429 -214.412 2.34186 -0.0897999 0.0119509 0.652781 0.75211
